<TICKER>,<PER>,<DATE>,<TIME>,<OPEN>,<HIGH>,<LOW>,<CLOSE>,<VOL>
AMEZ,60,20200504,100000,4.0400000,4.0400000,3.9950000,4.0000000,85100
AMEZ,60,20200504,110000,3.9950000,4.0350000,3.9950000,4.0350000,30900
AMEZ,60,20200504,120000,4.0100000,4.0350000,4.0050000,4.0350000,13300
AMEZ,60,20200504,130000,4.0350000,4.0750000,4.0200000,4.0250000,58100
AMEZ,60,20200504,140000,4.0550000,4.0700000,4.0400000,4.0450000,22100
AMEZ,60,20200504,150000,4.0700000,4.0700000,4.0300000,4.0550000,18900
AMEZ,60,20200504,160000,4.0500000,4.0550000,4.0250000,4.0300000,9000
AMEZ,60,20200504,170000,4.0300000,4.0750000,4.0300000,4.0350000,50500
AMEZ,60,20200504,180000,4.0400000,4.0550000,3.9950000,4.0100000,72000
AMEZ,60,20200505,100000,4.0900000,4.1100000,4.0400000,4.0700000,61400
AMEZ,60,20200505,110000,4.0750000,4.0750000,4.0350000,4.0650000,27700
AMEZ,60,20200505,120000,4.0550000,4.0900000,4.0550000,4.0850000,33700
AMEZ,60,20200505,130000,4.0850000,4.0850000,4.0400000,4.0400000,109200
AMEZ,60,20200505,140000,4.0500000,4.0500000,4.0350000,4.0350000,1000
AMEZ,60,20200505,150000,4.0400000,4.0500000,4.0300000,4.0500000,40200
AMEZ,60,20200505,160000,4.0500000,4.0500000,4.0350000,4.0400000,54500
AMEZ,60,20200505,170000,4.0450000,4.0750000,4.0450000,4.0500000,13400
AMEZ,60,20200505,180000,4.0500000,4.0650000,4.0250000,4.0350000,204800
AMEZ,60,20200506,100000,4.0700000,4.0700000,4.0100000,4.0500000,44900
AMEZ,60,20200506,110000,4.0500000,4.0500000,4.0000000,4.0200000,185700
AMEZ,60,20200506,120000,4.0150000,4.0150000,3.9050000,3.9400000,518400
AMEZ,60,20200506,130000,3.9450000,3.9950000,3.9000000,3.9750000,540700
AMEZ,60,20200506,140000,3.9750000,3.9900000,3.9450000,3.9850000,33900
AMEZ,60,20200506,150000,3.9800000,3.9850000,3.9500000,3.9550000,15100
AMEZ,60,20200506,160000,3.9750000,3.9850000,3.9550000,3.9850000,70500
AMEZ,60,20200506,170000,3.9800000,3.9850000,3.9600000,3.9850000,21600
AMEZ,60,20200506,180000,3.9850000,3.9850000,3.9600000,3.9600000,8400
AMEZ,60,20200507,100000,3.9950000,3.9950000,3.9550000,3.9650000,13600
AMEZ,60,20200507,110000,3.9850000,4.0050000,3.9700000,4.0000000,19800
AMEZ,60,20200507,120000,4.0050000,4.0200000,3.9900000,4.0150000,29100
AMEZ,60,20200507,130000,4.0150000,4.0150000,3.9900000,3.9900000,2500
AMEZ,60,20200507,140000,4.0100000,4.0150000,4.0000000,4.0150000,4400
AMEZ,60,20200507,150000,4.0050000,4.0150000,4.0050000,4.0050000,4600
AMEZ,60,20200507,160000,4.0050000,4.0150000,3.9950000,4.0000000,15800
AMEZ,60,20200507,170000,4.0000000,4.0000000,3.9800000,3.9800000,26000
AMEZ,60,20200507,180000,3.9950000,4.0000000,3.9700000,3.9750000,11200
AMEZ,60,20200508,100000,4.0200000,4.0200000,3.9650000,3.9950000,12300
AMEZ,60,20200508,110000,3.9950000,4.0300000,3.9750000,4.0250000,272700
AMEZ,60,20200508,120000,4.0150000,4.0250000,4.0150000,4.0250000,500
AMEZ,60,20200508,130000,4.0250000,4.0500000,4.0100000,4.0250000,59000
AMEZ,60,20200508,140000,4.0450000,4.0900000,4.0150000,4.0550000,73400
AMEZ,60,20200508,150000,4.0900000,4.1300000,4.0750000,4.1250000,97100
AMEZ,60,20200508,160000,4.1000000,4.1250000,4.0550000,4.0750000,16000
AMEZ,60,20200508,170000,4.0850000,4.1100000,4.0550000,4.0950000,111400
AMEZ,60,20200508,180000,4.0950000,4.1600000,4.0600000,4.1150000,291600
AMEZ,60,20200512,100000,4.0750000,4.1050000,3.9700000,3.9900000,345300
AMEZ,60,20200512,110000,3.9900000,4.0400000,3.9400000,4.0300000,678000
AMEZ,60,20200512,120000,4.0150000,4.0450000,4.0150000,4.0150000,23100
AMEZ,60,20200512,130000,4.0250000,4.0500000,4.0150000,4.0250000,16600
AMEZ,60,20200512,140000,4.0150000,4.0400000,4.0050000,4.0400000,48900
AMEZ,60,20200512,150000,4.0500000,4.0500000,3.9950000,4.0150000,23600
AMEZ,60,20200512,160000,4.0150000,4.0500000,3.9950000,4.0350000,41500
AMEZ,60,20200512,170000,4.0200000,4.0650000,4.0100000,4.0100000,64700
AMEZ,60,20200512,180000,4.0200000,4.0750000,4.0050000,4.0450000,128800
AMEZ,60,20200513,100000,4.0650000,4.0650000,3.9500000,3.9950000,168100
AMEZ,60,20200513,110000,3.9800000,3.9950000,3.9650000,3.9900000,10900
AMEZ,60,20200513,120000,3.9900000,3.9950000,3.9800000,3.9950000,5300
AMEZ,60,20200513,130000,3.9800000,3.9800000,3.9500000,3.9800000,114300
AMEZ,60,20200513,140000,3.9800000,4.0050000,3.9800000,3.9850000,33600
AMEZ,60,20200513,150000,3.9950000,4.0100000,3.9850000,4.0050000,11800
AMEZ,60,20200513,160000,4.0050000,4.0100000,3.9700000,4.0000000,35600
AMEZ,60,20200513,170000,3.9800000,4.0150000,3.9750000,4.0000000,18500
AMEZ,60,20200513,180000,3.9850000,4.0100000,3.9850000,3.9850000,30900
AMEZ,60,20200514,100000,4.0100000,4.0450000,3.9750000,3.9900000,22200
AMEZ,60,20200514,110000,3.9900000,3.9900000,3.9700000,3.9850000,5400
AMEZ,60,20200514,120000,3.9850000,3.9900000,3.9700000,3.9700000,4000
AMEZ,60,20200514,130000,3.9900000,3.9900000,3.9700000,3.9800000,700
AMEZ,60,20200514,140000,3.9800000,3.9950000,3.9700000,3.9750000,1500
AMEZ,60,20200514,150000,3.9900000,4.0000000,3.9600000,3.9650000,86000
AMEZ,60,20200514,160000,3.9800000,3.9800000,3.9650000,3.9650000,3700
AMEZ,60,20200514,170000,3.9650000,3.9950000,3.9650000,3.9950000,17200
AMEZ,60,20200514,180000,4.0000000,4.0000000,3.9550000,3.9650000,8100
AMEZ,60,20200515,100000,3.9900000,4.0200000,3.9600000,4.0200000,173200
AMEZ,60,20200515,110000,4.0000000,4.0150000,3.9750000,3.9950000,9700
AMEZ,60,20200515,120000,3.9950000,4.0200000,3.9800000,4.0150000,88800
AMEZ,60,20200515,130000,4.0150000,4.0800000,4.0150000,4.0800000,85800
AMEZ,60,20200515,140000,4.0600000,4.0750000,4.0250000,4.0300000,13400
AMEZ,60,20200515,150000,4.0350000,4.0500000,4.0150000,4.0500000,80000
AMEZ,60,20200515,160000,4.0200000,4.0500000,4.0000000,4.0250000,41700
AMEZ,60,20200515,170000,4.0400000,4.0400000,3.9850000,4.0150000,9000
AMEZ,60,20200515,180000,4.0150000,4.0300000,4.0100000,4.0250000,1400
AMEZ,60,20200518,100000,4.0450000,4.0800000,4.0100000,4.0450000,16100
AMEZ,60,20200518,110000,4.0600000,4.0600000,4.0100000,4.0250000,78200
AMEZ,60,20200518,120000,4.0200000,4.0250000,4.0200000,4.0200000,2900
AMEZ,60,20200518,130000,4.0200000,4.0250000,3.9750000,3.9750000,58200
AMEZ,60,20200518,140000,3.9850000,4.0150000,3.9850000,4.0150000,9000
AMEZ,60,20200518,150000,4.0100000,4.0600000,4.0100000,4.0300000,157700
AMEZ,60,20200518,160000,4.0250000,4.0650000,4.0250000,4.0400000,116700
AMEZ,60,20200518,170000,4.0500000,4.0650000,4.0250000,4.0500000,175800
AMEZ,60,20200518,180000,4.0500000,4.0800000,4.0250000,4.0600000,119600
AMEZ,60,20200519,100000,4.0950000,4.0950000,4.0500000,4.0850000,65200
AMEZ,60,20200519,110000,4.0600000,4.0800000,4.0550000,4.0550000,7500
AMEZ,60,20200519,120000,4.0650000,4.0700000,4.0500000,4.0700000,12900
AMEZ,60,20200519,130000,4.0700000,4.0700000,4.0200000,4.0550000,90300
AMEZ,60,20200519,140000,4.0650000,4.0750000,4.0550000,4.0550000,37300
AMEZ,60,20200519,150000,4.0750000,4.1000000,4.0550000,4.1000000,164000
AMEZ,60,20200519,160000,4.1000000,4.1300000,4.0900000,4.0950000,40400
AMEZ,60,20200519,170000,4.1100000,4.1800000,4.0850000,4.1300000,483500
AMEZ,60,20200519,180000,4.1550000,4.1800000,4.1150000,4.1250000,33100
AMEZ,60,20200520,100000,4.0950000,4.1600000,4.0700000,4.1250000,177500
AMEZ,60,20200520,110000,4.1050000,4.1450000,4.1050000,4.1100000,30400
AMEZ,60,20200520,120000,4.1100000,4.1550000,4.1100000,4.1200000,61900
AMEZ,60,20200520,130000,4.1200000,4.1450000,4.1200000,4.1250000,7200
AMEZ,60,20200520,140000,4.1400000,4.2100000,4.1300000,4.1700000,458700
AMEZ,60,20200520,150000,4.1700000,4.2050000,4.1500000,4.1850000,87900
AMEZ,60,20200520,160000,4.2050000,4.2250000,4.1950000,4.2250000,100200
AMEZ,60,20200520,170000,4.2250000,4.2800000,4.2200000,4.2350000,349400
AMEZ,60,20200520,180000,4.2250000,4.2650000,4.2000000,4.2300000,26700
AMEZ,60,20200521,100000,4.2450000,4.2800000,4.1550000,4.1750000,114200
AMEZ,60,20200521,110000,4.1750000,4.1950000,4.1300000,4.1900000,45000
AMEZ,60,20200521,120000,4.1850000,4.1950000,4.1550000,4.1750000,14600
AMEZ,60,20200521,130000,4.1750000,4.1900000,4.1650000,4.1700000,9500
AMEZ,60,20200521,140000,4.1700000,4.1750000,4.1500000,4.1600000,33900
AMEZ,60,20200521,150000,4.1550000,4.1600000,4.1200000,4.1350000,27100
AMEZ,60,20200521,160000,4.1350000,4.2150000,4.1150000,4.1850000,53300
AMEZ,60,20200521,170000,4.1850000,4.1850000,4.1500000,4.1750000,11400
AMEZ,60,20200521,180000,4.1750000,4.1750000,4.1250000,4.1250000,13100
AMEZ,60,20200522,100000,4.1600000,4.1700000,4.0750000,4.0750000,241000
AMEZ,60,20200522,110000,4.0850000,4.1100000,4.0750000,4.1000000,12800
AMEZ,60,20200522,120000,4.1050000,4.1100000,4.0850000,4.1100000,7700
AMEZ,60,20200522,130000,4.1100000,4.1100000,4.0950000,4.0950000,11100
AMEZ,60,20200522,140000,4.1050000,4.1100000,4.0900000,4.0900000,23200
AMEZ,60,20200522,150000,4.1050000,4.1100000,4.0900000,4.0900000,14300
AMEZ,60,20200522,160000,4.0850000,4.1500000,4.0800000,4.1500000,42300
AMEZ,60,20200522,170000,4.1400000,4.1400000,4.0900000,4.1250000,15500
AMEZ,60,20200522,180000,4.0900000,4.1200000,4.0750000,4.1200000,5600
