<TICKER>,<PER>,<DATE>,<TIME>,<OPEN>,<HIGH>,<LOW>,<CLOSE>,<VOL>
SBER,60,20200103,100000,255.9700000,256.9700000,255.5200000,255.7700000,4651320
SBER,60,20200103,110000,255.7800000,257.0500000,255.5200000,257.0100000,3754140
SBER,60,20200103,120000,257.0000000,258.1900000,256.7700000,257.2000000,4061070
SBER,60,20200103,130000,257.2000000,257.6000000,256.0600000,256.4500000,3052930
SBER,60,20200103,140000,256.4500000,256.7500000,254.5600000,254.6500000,5143900
SBER,60,20200103,150000,254.6400000,255.0000000,253.7000000,254.9700000,4554160
SBER,60,20200103,160000,254.9500000,255.1000000,254.3000000,254.5000000,2546990
SBER,60,20200103,170000,254.5100000,254.9600000,254.3000000,254.3500000,3059620
SBER,60,20200103,180000,254.3800000,255.1600000,254.1000000,255.0000000,5000030
SBER,60,20200106,100000,254.7500000,254.8400000,252.0300000,252.1000000,4578260
SBER,60,20200106,110000,252.1000000,253.9200000,251.7600000,252.0500000,3997770
SBER,60,20200106,120000,252.0500000,252.4500000,251.4000000,251.7100000,2485200
SBER,60,20200106,130000,251.7200000,252.1400000,251.5000000,251.8400000,1246790
SBER,60,20200106,140000,251.8000000,252.1400000,251.4000000,252.0100000,764010
SBER,60,20200106,150000,252.0100000,252.5000000,251.7200000,252.1700000,1386000
SBER,60,20200106,160000,252.1100000,252.6500000,251.7000000,252.4600000,1730040
SBER,60,20200106,170000,252.4000000,252.7400000,252.1000000,252.4900000,1933000
SBER,60,20200106,180000,252.4700000,253.9000000,252.4700000,253.9000000,4206870
SBER,60,20200108,100000,253.6200000,255.7000000,253.0300000,255.0600000,7194480
SBER,60,20200108,110000,255.0700000,258.0000000,255.0200000,256.2800000,8401760
SBER,60,20200108,120000,256.3100000,257.4300000,256.2600000,256.7800000,3161750
SBER,60,20200108,130000,256.8600000,256.9800000,255.8100000,256.9100000,2566260
SBER,60,20200108,140000,256.9100000,257.2500000,256.6500000,256.8700000,3753530
SBER,60,20200108,150000,256.8800000,257.9900000,256.7500000,257.8400000,3298670
SBER,60,20200108,160000,257.8700000,258.6900000,257.0200000,258.1400000,4609590
SBER,60,20200108,170000,258.2100000,258.8600000,257.9500000,258.7200000,2330570
SBER,60,20200108,180000,258.7100000,259.1500000,258.3200000,259.1500000,5419420
SBER,60,20200109,100000,259.4100000,261.7600000,259.3600000,261.1000000,8518180
SBER,60,20200109,110000,261.0900000,261.0900000,258.6800000,258.9700000,6415810
SBER,60,20200109,120000,259.0000000,259.8700000,258.2800000,259.7500000,2273080
SBER,60,20200109,130000,259.7300000,260.9400000,258.8900000,258.9500000,3262650
SBER,60,20200109,140000,258.9700000,259.5400000,258.7400000,259.4800000,2952080
SBER,60,20200109,150000,259.4800000,259.8600000,257.5500000,258.3800000,4025130
SBER,60,20200109,160000,258.3800000,258.8000000,257.8000000,257.9800000,1656800
SBER,60,20200109,170000,257.9200000,258.6800000,257.5800000,257.7800000,3533850
SBER,60,20200109,180000,257.7900000,258.0300000,257.0100000,257.9900000,5558720
SBER,60,20200110,100000,257.9100000,258.2100000,256.8800000,257.4500000,3143850
SBER,60,20200110,110000,257.4200000,259.2500000,257.1300000,258.8700000,4329890
SBER,60,20200110,120000,258.8800000,259.1000000,258.4300000,258.7000000,2032870
SBER,60,20200110,130000,258.7000000,258.7900000,258.0000000,258.0500000,1018400
SBER,60,20200110,140000,258.0500000,258.4700000,257.7000000,258.1400000,1283390
SBER,60,20200110,150000,258.1300000,258.5700000,257.9000000,258.0700000,1159530
SBER,60,20200110,160000,258.0400000,258.1300000,257.4300000,257.7600000,1706020
SBER,60,20200110,170000,257.7300000,258.3000000,257.4700000,257.9300000,1247170
SBER,60,20200110,180000,257.8500000,258.2600000,257.6200000,258.1900000,2920530
SBER,60,20200113,100000,258.2100000,258.9300000,257.1500000,258.8700000,3336840
SBER,60,20200113,110000,258.8900000,259.4000000,258.1000000,258.4600000,2668700
SBER,60,20200113,120000,258.4000000,259.4000000,258.2500000,258.9100000,1509600
SBER,60,20200113,130000,258.9800000,259.0000000,258.5100000,258.9000000,1283090
SBER,60,20200113,140000,258.9000000,259.8300000,258.7200000,258.9800000,2550230
SBER,60,20200113,150000,258.9200000,259.4200000,258.5000000,258.7200000,1372490
SBER,60,20200113,160000,258.7200000,259.9600000,258.7200000,259.8400000,1491750
SBER,60,20200113,170000,259.8600000,261.1600000,259.8600000,260.8900000,5302350
SBER,60,20200113,180000,260.9000000,262.4000000,260.1400000,262.4000000,6334850
SBER,60,20200114,100000,262.5800000,263.2200000,261.1500000,261.9200000,5243690
SBER,60,20200114,110000,261.9300000,261.9500000,259.9300000,260.3100000,4815620
SBER,60,20200114,120000,260.3400000,261.2000000,260.2000000,260.8800000,2312030
SBER,60,20200114,130000,260.9000000,261.6300000,260.5000000,260.8800000,2721230
SBER,60,20200114,140000,260.9000000,260.9200000,259.0400000,259.5500000,4184610
SBER,60,20200114,150000,259.5500000,259.6000000,258.6200000,259.3500000,2451340
SBER,60,20200114,160000,259.3000000,259.9900000,258.8100000,259.5900000,2332120
SBER,60,20200114,170000,259.5800000,260.0400000,259.0700000,259.2800000,2564870
SBER,60,20200114,180000,259.2500000,260.0000000,259.0500000,259.0500000,4471620
SBER,60,20200115,100000,258.4500000,258.9100000,257.3400000,257.7800000,3818770
SBER,60,20200115,110000,257.8000000,258.0000000,256.3100000,257.6600000,4975980
SBER,60,20200115,120000,257.6500000,258.3900000,257.5000000,258.0400000,3913290
SBER,60,20200115,130000,258.0400000,258.4800000,257.1800000,257.5800000,2042880
SBER,60,20200115,140000,257.6000000,258.3300000,256.9300000,257.4000000,2184650
SBER,60,20200115,150000,257.4000000,257.7000000,256.7300000,256.8300000,2692910
SBER,60,20200115,160000,256.8800000,257.0900000,254.2100000,254.9000000,13870290
SBER,60,20200115,170000,254.9000000,257.4600000,254.5500000,256.7900000,9461090
SBER,60,20200115,180000,256.7700000,256.9000000,255.7800000,256.3100000,6368640
SBER,60,20200116,100000,257.1100000,259.5100000,257.1100000,258.9300000,8501910
SBER,60,20200116,110000,258.9300000,259.2400000,257.7500000,257.8000000,5921730
SBER,60,20200116,120000,257.7600000,258.2300000,256.5500000,257.1400000,6125160
SBER,60,20200116,130000,257.1400000,257.8900000,256.5000000,257.2200000,4314860
SBER,60,20200116,140000,257.2000000,257.2700000,256.7700000,257.0200000,2710210
SBER,60,20200116,150000,257.0400000,257.5000000,257.0000000,257.1800000,2066180
SBER,60,20200116,160000,257.1800000,257.2000000,256.1200000,256.2000000,2900300
SBER,60,20200116,170000,256.2400000,257.3100000,256.1000000,257.0800000,3414770
SBER,60,20200116,180000,257.0800000,257.5100000,256.7300000,257.5100000,4270300
SBER,60,20200117,100000,258.2000000,259.9900000,257.7500000,259.9000000,7252230
SBER,60,20200117,110000,259.8500000,261.2500000,259.4500000,260.9000000,7573050
SBER,60,20200117,120000,260.9000000,261.4300000,260.5000000,260.7200000,4012050
SBER,60,20200117,130000,260.7200000,261.8800000,260.5700000,261.0000000,4392840
SBER,60,20200117,140000,260.9900000,262.3600000,260.8800000,262.3500000,4558910
SBER,60,20200117,150000,262.3500000,262.8200000,261.7100000,262.3200000,3503850
SBER,60,20200117,160000,262.3200000,262.8000000,261.8100000,262.1000000,3569190
SBER,60,20200117,170000,262.0700000,262.7700000,261.8900000,262.7000000,4484210
SBER,60,20200117,180000,262.7000000,262.7700000,262.0100000,262.5000000,5545010
SBER,60,20200120,100000,263.2200000,263.8100000,261.8000000,262.6500000,5488970
SBER,60,20200120,110000,262.7000000,265.0000000,262.5000000,264.8700000,6835030
SBER,60,20200120,120000,264.8800000,264.9700000,264.0000000,264.6200000,2102460
SBER,60,20200120,130000,264.6200000,265.9000000,264.5500000,265.6300000,4262330
SBER,60,20200120,140000,265.6300000,266.2200000,265.2100000,265.2700000,2558290
SBER,60,20200120,150000,265.2900000,265.9000000,265.1300000,265.8700000,1287000
SBER,60,20200120,160000,265.9000000,266.1000000,265.3800000,265.5900000,1358070
SBER,60,20200120,170000,265.5900000,266.7700000,265.4600000,266.7700000,2080740
SBER,60,20200120,180000,266.7400000,266.9700000,266.0900000,266.2800000,3776320
SBER,60,20200121,100000,265.4700000,265.5000000,263.0200000,264.0300000,8222670
SBER,60,20200121,110000,264.0600000,264.7800000,263.7000000,264.7000000,3807560
SBER,60,20200121,120000,264.7000000,265.1100000,264.1700000,264.5800000,2313070
SBER,60,20200121,130000,264.5700000,264.9800000,264.0000000,264.3500000,1956290
SBER,60,20200121,140000,264.3200000,264.6700000,263.8000000,264.4600000,1843320
SBER,60,20200121,150000,264.4600000,265.3200000,264.4400000,264.8000000,2141540
SBER,60,20200121,160000,264.8300000,266.1000000,264.5000000,265.5000000,3017730
SBER,60,20200121,170000,265.5100000,268.2700000,265.4600000,267.9800000,7405670
SBER,60,20200121,180000,267.9800000,268.9000000,267.2500000,268.0600000,7219970
SBER,60,20200122,100000,268.6300000,270.8000000,268.3900000,269.9300000,9192840
SBER,60,20200122,110000,269.9300000,270.6900000,268.0500000,268.2700000,6427020
SBER,60,20200122,120000,268.1900000,268.5900000,266.8400000,268.0200000,5958530
SBER,60,20200122,130000,268.0500000,268.8200000,267.4100000,267.6800000,2677420
SBER,60,20200122,140000,267.6800000,267.6900000,265.5000000,265.5100000,4499580
SBER,60,20200122,150000,265.5500000,266.7000000,265.5000000,266.2300000,3092720
SBER,60,20200122,160000,266.2500000,266.9200000,265.5900000,266.7500000,2616840
SBER,60,20200122,170000,266.7400000,268.3300000,266.5200000,267.3500000,4803640
SBER,60,20200122,180000,267.3500000,267.4500000,266.5400000,266.5400000,4902330
SBER,60,20200123,100000,264.9000000,266.0500000,263.8000000,265.3000000,6946180
SBER,60,20200123,110000,265.3000000,266.8900000,265.2000000,266.0000000,5143110
SBER,60,20200123,120000,265.9700000,266.1000000,264.6600000,264.9600000,2793010
SBER,60,20200123,130000,264.9200000,265.2500000,264.2500000,264.9000000,2826710
SBER,60,20200123,140000,264.9000000,266.6900000,264.8200000,266.1900000,2870040
SBER,60,20200123,150000,266.1900000,266.8000000,266.1300000,266.5600000,2836930
SBER,60,20200123,160000,266.5400000,266.8800000,265.7000000,266.3200000,2330350
SBER,60,20200123,170000,266.3200000,266.3400000,263.1000000,263.5000000,6905600
SBER,60,20200123,180000,263.5400000,263.9800000,262.2400000,263.7300000,7832340
SBER,60,20200124,100000,264.5300000,265.8700000,264.5300000,265.5500000,3688780
SBER,60,20200124,110000,265.5500000,267.5000000,265.0800000,266.4500000,5897250
SBER,60,20200124,120000,266.4700000,266.6900000,264.5100000,264.7300000,3622920
SBER,60,20200124,130000,264.7200000,265.4900000,264.2100000,264.4200000,2387800
SBER,60,20200124,140000,264.3600000,266.3000000,264.2500000,266.0000000,3037920
SBER,60,20200124,150000,266.1400000,266.5000000,265.7300000,265.9000000,1604700
SBER,60,20200124,160000,266.0200000,266.3900000,265.4300000,266.2000000,1272850
SBER,60,20200124,170000,266.2000000,266.3100000,264.7500000,266.3100000,2736190
SBER,60,20200124,180000,266.3100000,266.8600000,265.1500000,265.4900000,2997840
SBER,60,20200127,100000,260.9900000,261.2200000,259.7800000,260.1500000,10237960
SBER,60,20200127,110000,260.1500000,262.1000000,259.9200000,260.3400000,5065340
SBER,60,20200127,120000,260.3500000,260.4200000,257.7000000,258.0600000,9669020
SBER,60,20200127,130000,258.0600000,258.3500000,256.7200000,257.2500000,6745430
SBER,60,20200127,140000,257.2500000,258.2000000,255.7000000,257.2800000,6253730
SBER,60,20200127,150000,257.3400000,257.9600000,256.5200000,256.8500000,2552320
SBER,60,20200127,160000,256.8500000,256.9000000,255.7900000,256.1200000,3474000
SBER,60,20200127,170000,256.1100000,257.1600000,256.0000000,256.4200000,4637320
SBER,60,20200127,180000,256.4900000,257.3100000,255.3200000,255.3200000,7376540
SBER,60,20200128,100000,257.0500000,258.8400000,256.7100000,257.1400000,7816460
SBER,60,20200128,110000,257.1400000,257.3700000,255.5900000,255.7600000,5979950
SBER,60,20200128,120000,255.7600000,256.8600000,254.1000000,256.3800000,8179240
SBER,60,20200128,130000,256.3700000,257.6000000,255.5100000,256.7200000,4566150
SBER,60,20200128,140000,256.7000000,257.5100000,256.0100000,257.4500000,2870820
SBER,60,20200128,150000,257.4500000,258.4400000,257.0200000,257.9000000,5024700
SBER,60,20200128,160000,257.9000000,258.4600000,257.0300000,257.7000000,3922750
SBER,60,20200128,170000,257.6700000,257.7900000,256.3300000,256.8300000,4306190
SBER,60,20200128,180000,256.8300000,258.0000000,256.4500000,257.7000000,5255100
SBER,60,20200129,100000,258.4000000,259.2900000,258.0200000,258.1200000,6050340
SBER,60,20200129,110000,258.1200000,260.3500000,257.6100000,259.6500000,8022180
SBER,60,20200129,120000,259.6500000,259.8700000,259.0000000,259.3900000,2928680
SBER,60,20200129,130000,259.3200000,259.9500000,259.1000000,259.7500000,1493160
SBER,60,20200129,140000,259.7500000,260.9400000,259.6500000,260.7400000,3462050
SBER,60,20200129,150000,260.7200000,260.8500000,259.4100000,259.7700000,2428880
SBER,60,20200129,160000,259.8000000,260.8500000,259.4500000,260.3100000,2347590
SBER,60,20200129,170000,260.3100000,261.5700000,260.2500000,260.4800000,3750330
SBER,60,20200129,180000,260.4800000,260.4900000,258.7700000,259.9400000,4437830
SBER,60,20200130,100000,257.9700000,258.0000000,256.8000000,257.0300000,6299220
SBER,60,20200130,110000,257.1000000,258.4500000,256.4700000,258.3900000,4745400
SBER,60,20200130,120000,258.3500000,258.6900000,257.6600000,258.0000000,1830850
SBER,60,20200130,130000,257.9600000,258.1700000,257.1500000,257.9500000,1776960
SBER,60,20200130,140000,257.9200000,257.9600000,256.3700000,256.4600000,2630600
SBER,60,20200130,150000,256.4600000,256.8000000,255.3300000,255.5800000,3830270
SBER,60,20200130,160000,255.5500000,257.1300000,255.2700000,256.7200000,3424000
SBER,60,20200130,170000,256.7000000,257.5700000,255.8200000,256.7900000,3723400
SBER,60,20200130,180000,256.7500000,257.6300000,256.5300000,257.3100000,3291640
SBER,60,20200131,100000,258.5000000,259.2000000,257.5100000,257.8000000,4689140
SBER,60,20200131,110000,257.8300000,258.9800000,257.4000000,257.4000000,4397840
SBER,60,20200131,120000,257.4500000,257.6000000,256.7500000,256.9600000,2274830
SBER,60,20200131,130000,256.9700000,257.5000000,256.3300000,256.5200000,3263490
SBER,60,20200131,140000,256.5100000,257.0300000,255.1200000,255.5700000,4190220
SBER,60,20200131,150000,255.6200000,256.6200000,255.5000000,255.6000000,3804210
SBER,60,20200131,160000,255.6500000,256.2000000,254.5400000,255.3400000,5305900
SBER,60,20200131,170000,255.3400000,256.2000000,254.2500000,254.5800000,7794430
SBER,60,20200131,180000,254.5500000,254.8800000,252.1700000,252.2000000,12080130
SBER,60,20200203,100000,251.8000000,253.9400000,251.1000000,252.5000000,8994650
SBER,60,20200203,110000,252.5000000,253.2000000,252.0500000,252.7700000,4748500
SBER,60,20200203,120000,252.7800000,253.4500000,252.0500000,252.8100000,4446520
SBER,60,20200203,130000,252.7700000,253.9400000,252.5800000,252.8900000,5347510
SBER,60,20200203,140000,252.8800000,253.9500000,252.8600000,253.5000000,3054520
SBER,60,20200203,150000,253.5100000,254.3000000,252.5100000,253.7700000,5728460
SBER,60,20200203,160000,253.7700000,254.5000000,253.0900000,253.6900000,6305900
SBER,60,20200203,170000,253.7100000,254.9000000,253.3200000,254.6600000,5344020
SBER,60,20200203,180000,254.6700000,254.9600000,253.9900000,253.9900000,8651030
SBER,60,20200204,100000,255.3300000,257.3800000,254.4200000,254.5800000,5962110
SBER,60,20200204,110000,254.5800000,254.9300000,252.9000000,254.0600000,8850330
SBER,60,20200204,120000,254.0900000,254.6000000,253.6100000,254.2800000,3899490
SBER,60,20200204,130000,254.2800000,254.9200000,254.0600000,254.8100000,3908030
SBER,60,20200204,140000,254.7700000,255.4000000,254.3200000,254.8800000,4579290
SBER,60,20200204,150000,254.8700000,255.7500000,254.1000000,255.7300000,6645220
SBER,60,20200204,160000,255.7300000,256.2900000,255.2300000,256.0700000,5335260
SBER,60,20200204,170000,256.0700000,256.2000000,255.0700000,255.5400000,4636970
SBER,60,20200204,180000,255.5400000,255.7000000,254.8100000,255.4000000,5914590
SBER,60,20200205,100000,255.8900000,256.0800000,253.7500000,254.4200000,4892980
SBER,60,20200205,110000,254.3500000,256.4500000,253.1400000,256.2100000,11846240
SBER,60,20200205,120000,256.2300000,257.6600000,255.9200000,256.6800000,8551010
SBER,60,20200205,130000,256.6400000,257.0400000,256.5200000,256.8700000,2821720
SBER,60,20200205,140000,256.8800000,257.5900000,256.1100000,256.3300000,5406980
SBER,60,20200205,150000,256.3000000,256.9000000,256.2200000,256.6100000,1940870
SBER,60,20200205,160000,256.6000000,257.3000000,256.1000000,256.8000000,4140450
SBER,60,20200205,170000,256.8000000,257.2700000,256.0600000,257.1300000,3864330
SBER,60,20200205,180000,257.1300000,257.2800000,255.1200000,255.2000000,7255180
SBER,60,20200206,100000,256.6600000,257.3900000,256.0000000,256.6000000,5350950
SBER,60,20200206,110000,256.5900000,258.0000000,255.6600000,255.8500000,7076720
SBER,60,20200206,120000,255.8300000,255.9600000,254.4000000,255.1200000,5824850
SBER,60,20200206,130000,255.0400000,255.0600000,254.0300000,254.1500000,2424780
SBER,60,20200206,140000,254.1100000,254.8800000,253.8000000,254.3000000,3584850
SBER,60,20200206,150000,254.3000000,254.7500000,253.3800000,254.2600000,3142520
SBER,60,20200206,160000,254.2600000,254.2600000,252.5500000,252.6200000,3952090
SBER,60,20200206,170000,252.6200000,253.1900000,251.9000000,252.5800000,5763480
SBER,60,20200206,180000,252.5800000,252.6400000,251.8600000,252.1100000,6198780
SBER,60,20200207,100000,253.1300000,253.4500000,251.1500000,252.4200000,6561950
SBER,60,20200207,110000,252.4800000,253.1500000,250.6000000,250.6100000,5331330
SBER,60,20200207,120000,250.6200000,251.1800000,249.1100000,250.3700000,6929960
SBER,60,20200207,130000,250.3500000,250.6700000,248.7300000,249.3300000,4456240
SBER,60,20200207,140000,249.3500000,250.9900000,249.3100000,250.6900000,3373080
SBER,60,20200207,150000,250.6900000,252.0900000,250.6100000,251.5400000,4191220
SBER,60,20200207,160000,251.5600000,252.5000000,251.2200000,252.0300000,3732410
SBER,60,20200207,170000,252.1400000,253.7300000,252.0200000,252.4500000,7235410
SBER,60,20200207,180000,252.4500000,254.3000000,252.3100000,254.3000000,8248240
SBER,60,20200210,100000,254.5500000,255.7300000,253.6000000,255.2600000,6013990
SBER,60,20200210,110000,255.2300000,255.3500000,253.1300000,253.6800000,4426620
SBER,60,20200210,120000,253.6800000,254.2800000,252.5500000,252.8800000,4070490
SBER,60,20200210,130000,252.9200000,253.8900000,252.7000000,253.2300000,2641350
SBER,60,20200210,140000,253.2000000,254.1300000,253.0000000,253.4200000,3134730
SBER,60,20200210,150000,253.4600000,254.4600000,253.0200000,253.9100000,2507000
SBER,60,20200210,160000,253.9100000,254.1800000,252.3200000,252.4800000,3387510
SBER,60,20200210,170000,252.5000000,253.2800000,252.0700000,252.4500000,4077330
SBER,60,20200210,180000,252.4500000,252.9900000,252.2200000,252.2600000,4676820
SBER,60,20200211,100000,253.7800000,254.9500000,253.0000000,254.4400000,6377340
SBER,60,20200211,110000,254.4400000,255.1200000,253.6600000,254.9300000,5859780
SBER,60,20200211,120000,254.9500000,255.4500000,254.7700000,255.3500000,3946370
SBER,60,20200211,130000,255.3700000,255.3900000,254.6100000,254.7700000,1869560
SBER,60,20200211,140000,254.7900000,255.0200000,254.5100000,254.8200000,1920820
SBER,60,20200211,150000,254.8000000,259.7700000,254.7500000,258.0800000,21385910
SBER,60,20200211,160000,258.0800000,259.3300000,256.8000000,257.1600000,15654670
SBER,60,20200211,170000,257.1000000,258.4900000,257.0000000,257.2600000,8218450
SBER,60,20200211,180000,257.2400000,257.6800000,254.0000000,254.5000000,14159460
SBER,60,20200212,100000,255.4000000,255.4900000,254.2000000,254.7700000,10269440
SBER,60,20200212,110000,254.7800000,254.8400000,252.3100000,254.3200000,8744630
SBER,60,20200212,120000,254.3200000,254.3900000,253.1400000,254.2400000,3206740
SBER,60,20200212,130000,254.2800000,255.4900000,253.8100000,254.8100000,4272020
SBER,60,20200212,140000,254.8500000,255.0600000,253.9400000,254.7100000,2592390
SBER,60,20200212,150000,254.6700000,254.7500000,253.6600000,254.1500000,2658090
SBER,60,20200212,160000,254.1500000,254.2400000,253.1000000,253.4000000,4800820
SBER,60,20200212,170000,253.3900000,253.9800000,253.1200000,253.9800000,5028470
SBER,60,20200212,180000,253.9800000,254.5000000,253.9000000,254.5000000,10874750
SBER,60,20200213,100000,253.6200000,254.2700000,252.5000000,253.1800000,4378030
SBER,60,20200213,110000,253.1500000,255.1800000,253.0900000,254.6000000,5058660
SBER,60,20200213,120000,254.5800000,254.8000000,253.6100000,253.6100000,3012290
SBER,60,20200213,130000,253.6600000,253.7000000,252.5500000,253.2400000,5419080
SBER,60,20200213,140000,253.2400000,253.8500000,252.6500000,253.3800000,3395150
SBER,60,20200213,150000,253.4300000,253.7600000,253.2600000,253.3000000,2177140
SBER,60,20200213,160000,253.3600000,253.6300000,252.6100000,253.3600000,3928250
SBER,60,20200213,170000,253.3500000,254.4400000,252.9400000,253.7300000,4059280
SBER,60,20200213,180000,253.7700000,253.9300000,253.2700000,253.8900000,5226540
SBER,60,20200214,100000,254.3800000,254.3800000,252.8200000,253.2300000,2436220
SBER,60,20200214,110000,253.2300000,253.6200000,251.4500000,251.8800000,6905920
SBER,60,20200214,120000,251.9000000,252.2400000,251.4000000,251.8400000,3416610
SBER,60,20200214,130000,251.8500000,253.4900000,251.8400000,253.1500000,3517990
SBER,60,20200214,140000,253.1900000,253.5800000,252.9000000,253.1800000,1866550
SBER,60,20200214,150000,253.1800000,253.7000000,252.6700000,253.5600000,1591970
SBER,60,20200214,160000,253.5900000,253.7000000,252.1300000,252.1700000,2726660
SBER,60,20200214,170000,252.1700000,252.8600000,251.5800000,251.7000000,3442460
SBER,60,20200214,180000,251.7300000,252.0800000,251.6500000,251.7500000,4077760
SBER,60,20200217,100000,252.5000000,253.1000000,251.8100000,252.1900000,3156480
SBER,60,20200217,110000,252.1900000,252.4900000,250.4000000,250.5700000,6096550
SBER,60,20200217,120000,250.5700000,251.4400000,250.4200000,251.1400000,3315440
SBER,60,20200217,130000,251.1300000,251.3400000,250.1300000,250.6400000,2240200
SBER,60,20200217,140000,250.6400000,250.8900000,250.4000000,250.6300000,1320960
SBER,60,20200217,150000,250.6200000,251.1000000,250.1400000,251.0700000,2460870
SBER,60,20200217,160000,251.0700000,251.2000000,250.7200000,251.0400000,1810190
SBER,60,20200217,170000,251.0100000,251.7500000,250.8000000,251.0600000,2663200
SBER,60,20200217,180000,251.0600000,251.5700000,250.7800000,251.3600000,3306690
SBER,60,20200218,100000,250.0800000,250.4400000,247.8700000,248.8300000,6131140
SBER,60,20200218,110000,248.8000000,249.5000000,248.5700000,249.2900000,3149680
SBER,60,20200218,120000,249.2400000,249.3300000,248.2200000,248.5000000,4151550
SBER,60,20200218,130000,248.5000000,249.4500000,248.3300000,249.1600000,2255330
SBER,60,20200218,140000,249.1600000,249.8500000,249.0800000,249.5100000,2421590
SBER,60,20200218,150000,249.4600000,249.5700000,248.7000000,248.7700000,2349120
SBER,60,20200218,160000,248.7900000,249.0300000,248.3300000,248.6800000,3205200
SBER,60,20200218,170000,248.6800000,250.0000000,248.6500000,249.8600000,4059780
SBER,60,20200218,180000,249.8600000,249.8900000,247.5700000,249.2000000,8536040
SBER,60,20200219,100000,250.3700000,250.4900000,249.0700000,249.5000000,3847980
SBER,60,20200219,110000,249.5000000,249.8200000,247.9500000,249.1000000,5164020
SBER,60,20200219,120000,249.0600000,249.8000000,248.7300000,249.5500000,2878010
SBER,60,20200219,130000,249.5500000,249.9200000,249.3300000,249.6500000,1711810
SBER,60,20200219,140000,249.6700000,249.7500000,248.8400000,249.1400000,1403040
SBER,60,20200219,150000,249.1800000,249.7500000,249.0000000,249.1800000,1727610
SBER,60,20200219,160000,249.1800000,250.3900000,248.8700000,250.3000000,2395500
SBER,60,20200219,170000,250.2600000,250.6800000,249.8800000,250.1000000,3506890
SBER,60,20200219,180000,250.0600000,250.3800000,249.5500000,249.7000000,3106010
SBER,60,20200220,100000,250.0700000,251.6500000,249.7100000,251.6500000,4228620
SBER,60,20200220,110000,251.6500000,252.1700000,250.7200000,251.2000000,6924230
SBER,60,20200220,120000,251.2400000,251.3800000,250.7000000,251.1100000,1295790
SBER,60,20200220,130000,251.1000000,251.1000000,250.7200000,250.9100000,1412320
SBER,60,20200220,140000,250.9300000,251.5000000,250.7500000,251.2100000,1463770
SBER,60,20200220,150000,251.1700000,251.7600000,251.0100000,251.7500000,1653530
SBER,60,20200220,160000,251.7500000,251.7500000,250.3800000,251.0500000,2934640
SBER,60,20200220,170000,251.0000000,251.3100000,249.1300000,250.4000000,6718390
SBER,60,20200220,180000,250.4000000,250.5900000,249.8000000,250.1500000,4076590
SBER,60,20200221,100000,248.4200000,248.5400000,247.2400000,248.1100000,6089520
SBER,60,20200221,110000,248.1300000,249.0300000,247.5300000,248.9700000,3684020
SBER,60,20200221,120000,248.9700000,249.1000000,248.3000000,248.6500000,1230370
SBER,60,20200221,130000,248.6100000,249.4900000,248.5500000,249.0800000,1751830
SBER,60,20200221,140000,249.0800000,250.0900000,248.8600000,249.8900000,1888590
SBER,60,20200221,150000,249.8900000,250.8800000,249.6400000,250.5300000,1959260
SBER,60,20200221,160000,250.5300000,250.8900000,250.1600000,250.5500000,1707060
SBER,60,20200221,170000,250.4800000,251.2000000,249.7300000,250.3000000,3895330
SBER,60,20200221,180000,250.3600000,251.4900000,250.1200000,250.8000000,5476860
SBER,60,20200225,100000,247.9800000,248.6300000,247.0300000,247.4900000,7892700
SBER,60,20200225,110000,247.5000000,248.8300000,246.5700000,247.8700000,6500680
SBER,60,20200225,120000,247.8500000,248.1600000,247.3000000,247.3200000,3439210
SBER,60,20200225,130000,247.3200000,247.4800000,246.6800000,246.8700000,3183070
SBER,60,20200225,140000,246.8800000,247.4600000,245.5900000,246.3200000,5800070
SBER,60,20200225,150000,246.3200000,247.4500000,246.0200000,247.0600000,1886140
SBER,60,20200225,160000,247.0600000,247.5000000,246.5200000,246.6000000,1866020
SBER,60,20200225,170000,246.5700000,247.1500000,246.2200000,246.8000000,3016650
SBER,60,20200225,180000,246.8000000,247.0800000,245.1700000,245.1900000,6920530
SBER,60,20200226,100000,244.7500000,245.5000000,243.5500000,245.3100000,11068240
SBER,60,20200226,110000,245.3100000,246.9300000,244.7000000,245.3100000,10109330
SBER,60,20200226,120000,245.3200000,245.3500000,243.2200000,243.7000000,9110080
SBER,60,20200226,130000,243.7400000,246.3900000,243.6100000,246.2500000,5148950
SBER,60,20200226,140000,246.2500000,247.0900000,245.5100000,246.5900000,4876320
SBER,60,20200226,150000,246.5900000,248.0000000,246.3500000,247.6500000,3830100
SBER,60,20200226,160000,247.6600000,249.9400000,247.6400000,249.3300000,5956040
SBER,60,20200226,170000,249.3100000,250.5200000,248.2900000,249.9100000,7404920
SBER,60,20200226,180000,249.8500000,251.2100000,249.5000000,250.8000000,10025110
SBER,60,20200227,100000,247.5000000,248.9400000,246.1900000,247.7900000,8451060
SBER,60,20200227,110000,247.7400000,248.9800000,246.5000000,247.4100000,4794510
SBER,60,20200227,120000,247.4200000,247.8700000,246.5000000,246.5000000,3266610
SBER,60,20200227,130000,246.5700000,247.1000000,246.3000000,246.7000000,1939400
SBER,60,20200227,140000,246.7900000,246.9900000,245.7500000,245.8500000,4326190
SBER,60,20200227,150000,245.8000000,246.2000000,244.1100000,244.7700000,8688550
SBER,60,20200227,160000,244.7800000,245.9900000,244.2000000,245.0600000,6803740
SBER,60,20200227,170000,245.1800000,245.3700000,243.2300000,243.9500000,7325740
SBER,60,20200227,180000,243.9000000,244.4700000,242.0000000,242.8800000,12291870
SBER,60,20200228,100000,234.9600000,239.0000000,231.7500000,235.0000000,29733200
SBER,60,20200228,110000,234.9000000,237.9200000,234.6000000,234.8500000,15712250
SBER,60,20200228,120000,234.9000000,235.5000000,231.0000000,233.3500000,18342460
SBER,60,20200228,130000,233.3400000,235.7300000,231.5300000,235.4600000,9433950
SBER,60,20200228,140000,235.4600000,237.7000000,235.0000000,235.4200000,9378000
SBER,60,20200228,150000,235.4300000,237.4300000,234.5200000,237.3600000,7251420
SBER,60,20200228,160000,237.3700000,237.9000000,234.8300000,235.0900000,7048110
SBER,60,20200228,170000,235.0400000,235.6500000,232.3800000,233.1400000,11449360
SBER,60,20200228,180000,233.1800000,234.1100000,232.2100000,233.3600000,14838860
SBER,60,20200302,100000,238.5500000,238.9100000,236.5000000,238.4000000,10811790
SBER,60,20200302,110000,238.2500000,241.0000000,238.1700000,238.4000000,11321730
SBER,60,20200302,120000,238.3700000,238.5000000,236.6200000,237.8800000,6684250
SBER,60,20200302,130000,237.8100000,237.8900000,235.9700000,235.9700000,4513900
SBER,60,20200302,140000,236.0000000,236.3000000,231.2700000,231.4700000,8948010
SBER,60,20200302,150000,231.4000000,231.7500000,218.8600000,228.7200000,28977910
SBER,60,20200302,160000,228.7200000,229.3000000,226.2200000,229.3000000,6900690
SBER,60,20200302,170000,229.2500000,231.9800000,227.6900000,227.9100000,10569890
SBER,60,20200302,180000,227.7800000,230.3300000,226.7100000,228.1700000,12960380
SBER,60,20200303,100000,233.0000000,234.8900000,232.2800000,233.6500000,11964440
SBER,60,20200303,110000,233.6600000,236.2000000,233.5100000,234.6600000,13020400
SBER,60,20200303,120000,234.6500000,235.1800000,232.8000000,235.0300000,4489350
SBER,60,20200303,130000,235.0300000,235.0900000,233.6100000,234.1400000,2352650
SBER,60,20200303,140000,234.1200000,234.9000000,233.6200000,234.6200000,3587630
SBER,60,20200303,150000,234.7000000,239.0000000,234.6400000,235.8700000,13225460
SBER,60,20200303,160000,235.9300000,237.5000000,234.6600000,235.9600000,5548460
SBER,60,20200303,170000,235.9000000,236.5000000,233.0100000,233.8900000,8418230
SBER,60,20200303,180000,233.8200000,238.3800000,233.8200000,236.6300000,20884480
SBER,60,20200304,100000,234.1300000,234.3700000,232.6200000,234.0000000,9323230
SBER,60,20200304,110000,234.0000000,234.9100000,233.4000000,234.7000000,9031470
SBER,60,20200304,120000,234.7000000,236.1800000,233.6300000,235.8000000,6920250
SBER,60,20200304,130000,235.8100000,236.0000000,234.8600000,234.8800000,3649580
SBER,60,20200304,140000,234.9300000,235.5000000,234.2500000,234.9000000,3501950
SBER,60,20200304,150000,234.8900000,236.7000000,234.2800000,236.2000000,3730090
SBER,60,20200304,160000,236.2000000,236.3200000,234.5000000,235.0200000,5735250
SBER,60,20200304,170000,235.0200000,235.6900000,234.3600000,234.7500000,4549710
SBER,60,20200304,180000,234.7100000,235.6000000,234.5500000,235.2700000,7724020
SBER,60,20200305,100000,237.0300000,238.7200000,236.5100000,237.1700000,7629340
SBER,60,20200305,110000,237.2100000,237.5000000,235.3200000,235.7800000,6619460
SBER,60,20200305,120000,235.8000000,236.0500000,233.5300000,234.0300000,7817250
SBER,60,20200305,130000,234.0200000,234.8400000,233.0000000,233.8700000,6407410
SBER,60,20200305,140000,233.8000000,235.5000000,233.0700000,233.5400000,5510790
SBER,60,20200305,150000,233.4900000,234.6300000,232.7000000,233.3600000,3376300
SBER,60,20200305,160000,233.3600000,233.4900000,231.0000000,231.8700000,5408040
SBER,60,20200305,170000,231.8700000,232.6600000,231.0300000,231.2900000,7966060
SBER,60,20200305,180000,231.2900000,232.3600000,230.6400000,232.3300000,6238050
SBER,60,20200306,100000,227.9900000,229.2000000,225.0000000,226.6000000,10688130
SBER,60,20200306,110000,226.6000000,227.0000000,220.8000000,222.8400000,20582810
SBER,60,20200306,120000,222.8400000,223.6400000,220.0500000,221.0000000,9852370
SBER,60,20200306,130000,220.9900000,222.5500000,220.0000000,220.9600000,9031550
SBER,60,20200306,140000,220.9600000,221.3300000,216.6700000,218.1300000,14371590
SBER,60,20200306,150000,218.0700000,219.5600000,217.3500000,219.3500000,7580110
SBER,60,20200306,160000,219.3400000,221.3500000,216.8200000,221.0900000,10728310
SBER,60,20200306,170000,220.9800000,221.6500000,218.5000000,219.6900000,8135480
SBER,60,20200306,180000,219.5300000,221.1000000,218.6000000,219.9900000,12962330
SBER,60,20200310,100000,197.9900000,204.9800000,184.8600000,194.7400000,37812940
SBER,60,20200310,110000,194.7100000,196.5900000,187.5800000,193.4800000,26943790
SBER,60,20200310,120000,193.4800000,199.4600000,192.1700000,198.6300000,18854020
SBER,60,20200310,130000,198.6900000,209.3700000,197.1000000,207.1400000,36541070
SBER,60,20200310,140000,207.1400000,210.9500000,205.1000000,209.9100000,21565430
SBER,60,20200310,150000,209.9100000,210.3400000,203.0500000,206.5700000,24511230
SBER,60,20200310,160000,206.5700000,212.7400000,205.9500000,210.9700000,19894120
SBER,60,20200310,170000,210.9200000,212.0500000,202.1700000,202.3900000,27089300
SBER,60,20200310,180000,202.3700000,205.5000000,200.2700000,201.2000000,30096780
SBER,60,20200311,100000,202.2000000,204.3300000,196.0000000,202.7000000,19043520
SBER,60,20200311,110000,202.5900000,202.7600000,196.0000000,201.0300000,22206800
SBER,60,20200311,120000,201.0400000,201.3200000,197.8300000,198.4100000,14262230
SBER,60,20200311,130000,198.4100000,200.9600000,198.0100000,200.2300000,8682110
SBER,60,20200311,140000,200.2400000,200.7700000,198.7000000,199.0900000,7326440
SBER,60,20200311,150000,199.0900000,199.8800000,192.7200000,192.7200000,18186970
SBER,60,20200311,160000,192.7400000,198.8100000,192.0500000,197.3600000,18752780
SBER,60,20200311,170000,197.3300000,197.7800000,194.4000000,195.6600000,13745810
SBER,60,20200311,180000,195.6600000,195.7000000,194.3000000,194.5300000,15559200
SBER,60,20200312,100000,185.1700000,187.8700000,180.1700000,181.8600000,37245750
SBER,60,20200312,110000,181.7600000,185.9000000,180.3700000,181.8800000,22001830
SBER,60,20200312,120000,181.8600000,183.0000000,179.5000000,180.3000000,23342720
SBER,60,20200312,130000,180.2600000,181.2900000,179.0000000,179.6300000,16902270
SBER,60,20200312,140000,179.6300000,181.6000000,179.0400000,180.9600000,13807050
SBER,60,20200312,150000,180.8800000,182.4000000,179.1100000,180.6000000,12386860
SBER,60,20200312,160000,180.5600000,180.6500000,173.1400000,177.2500000,34117130
SBER,60,20200312,170000,177.2500000,178.8900000,175.6400000,178.1900000,17496050
SBER,60,20200312,180000,178.1300000,178.2700000,175.3400000,175.9100000,19862670
SBER,60,20200313,100000,175.0000000,190.2000000,174.3000000,188.2300000,42946720
SBER,60,20200313,110000,188.2900000,189.4000000,182.6000000,184.5200000,35451170
SBER,60,20200313,120000,184.5200000,188.5000000,184.3400000,187.3700000,20139850
SBER,60,20200313,130000,187.2700000,189.7500000,186.4300000,188.9800000,11731870
SBER,60,20200313,140000,188.9000000,198.5800000,188.8300000,197.7700000,31196940
SBER,60,20200313,150000,197.9000000,199.0700000,194.0100000,195.6800000,27209090
SBER,60,20200313,160000,195.6800000,196.9800000,192.7800000,194.0000000,32467910
SBER,60,20200313,170000,194.0000000,199.0000000,193.7000000,198.0000000,28902770
SBER,60,20200313,180000,198.0000000,199.5200000,197.1900000,198.6000000,32571800
SBER,60,20200316,100000,194.0000000,196.7000000,186.6900000,194.9000000,37719630
SBER,60,20200316,110000,194.8600000,195.4500000,191.1000000,192.3200000,25562280
SBER,60,20200316,120000,192.3200000,194.6400000,190.5100000,190.5100000,15549710
SBER,60,20200316,130000,190.5900000,192.9200000,190.0000000,192.3200000,11328130
SBER,60,20200316,140000,192.3800000,192.4700000,187.1000000,187.1300000,15179490
SBER,60,20200316,150000,187.1300000,189.6800000,187.1000000,187.3600000,13138600
SBER,60,20200316,160000,187.3600000,191.4500000,186.0000000,190.9100000,15671360
SBER,60,20200316,170000,190.9000000,196.0000000,189.7000000,194.6800000,24182650
SBER,60,20200316,180000,194.6900000,196.4500000,193.2400000,195.8500000,15324310
SBER,60,20200317,100000,194.9200000,204.7800000,194.0000000,200.9400000,27954040
SBER,60,20200317,110000,200.9300000,201.7000000,187.3000000,189.4400000,32344630
SBER,60,20200317,120000,189.4400000,191.5900000,187.6000000,188.4100000,20025450
SBER,60,20200317,130000,188.2000000,191.3800000,187.0000000,190.4500000,12431240
SBER,60,20200317,140000,190.4500000,191.9500000,186.1000000,188.6300000,25030540
SBER,60,20200317,150000,188.6300000,189.4700000,186.2600000,187.9100000,10470860
SBER,60,20200317,160000,187.9100000,189.1400000,186.2000000,186.5400000,14444360
SBER,60,20200317,170000,186.5400000,187.7000000,183.8000000,185.1500000,23594970
SBER,60,20200317,180000,185.1500000,187.5500000,184.0100000,184.0100000,17306270
SBER,60,20200318,100000,178.9500000,182.2000000,178.1100000,178.6900000,21855170
SBER,60,20200318,110000,178.7000000,180.3700000,176.4400000,177.7700000,18580090
SBER,60,20200318,120000,177.7600000,179.4900000,176.1400000,177.4800000,13359320
SBER,60,20200318,130000,177.3800000,178.5000000,177.0000000,178.0500000,10024350
SBER,60,20200318,140000,178.0500000,178.1500000,176.5000000,177.2800000,9753510
SBER,60,20200318,150000,177.3600000,177.5800000,175.0000000,175.1900000,12626320
SBER,60,20200318,160000,175.2000000,177.3000000,172.1500000,176.6100000,28792210
SBER,60,20200318,170000,176.5800000,177.9800000,175.1000000,176.5300000,22873920
SBER,60,20200318,180000,176.4600000,177.4800000,174.2700000,174.2700000,16872080
SBER,60,20200319,100000,178.5000000,182.0000000,173.0600000,178.2500000,22932950
SBER,60,20200319,110000,178.1900000,187.5000000,177.0000000,186.4500000,35493940
SBER,60,20200319,120000,186.5000000,190.1500000,185.5000000,185.8600000,33403910
SBER,60,20200319,130000,185.8600000,188.2500000,185.3000000,185.5200000,16116290
SBER,60,20200319,140000,185.4500000,185.9700000,180.1500000,182.7700000,18213030
SBER,60,20200319,150000,182.6800000,184.8000000,180.8200000,184.7800000,15112850
SBER,60,20200319,160000,184.7800000,184.7800000,180.5500000,184.3000000,10519560
SBER,60,20200319,170000,184.2100000,188.5000000,183.1000000,186.1200000,17636320
SBER,60,20200319,180000,186.1200000,189.9800000,181.0500000,189.5100000,17793520
SBER,60,20200320,100000,198.6200000,201.8600000,194.0000000,197.5600000,30212780
SBER,60,20200320,110000,197.5000000,201.5000000,197.3000000,200.9300000,25237260
SBER,60,20200320,120000,200.9200000,201.3700000,199.0200000,200.0000000,10112210
SBER,60,20200320,130000,199.9000000,200.2900000,196.5000000,196.7500000,13360970
SBER,60,20200320,140000,196.7600000,199.3500000,196.6100000,198.6500000,10926410
SBER,60,20200320,150000,198.6500000,199.6000000,192.5100000,193.9000000,20291360
SBER,60,20200320,160000,193.8700000,196.5700000,192.0500000,193.0300000,16325750
SBER,60,20200320,170000,192.9900000,197.4900000,192.7400000,197.1100000,16859720
SBER,60,20200320,180000,197.1800000,197.6600000,195.0000000,195.6900000,26798490
SBER,60,20200323,100000,188.0000000,189.7300000,185.1100000,186.1000000,27436560
SBER,60,20200323,110000,186.0800000,186.5000000,182.1000000,182.9800000,20560730
SBER,60,20200323,120000,182.9800000,184.8800000,182.8900000,184.0100000,13438480
SBER,60,20200323,130000,184.0600000,185.8900000,183.6100000,185.4800000,9499850
SBER,60,20200323,140000,185.5100000,186.4000000,184.0900000,185.9800000,8185770
SBER,60,20200323,150000,185.9600000,190.9900000,185.9300000,189.4600000,29624300
SBER,60,20200323,160000,189.4500000,190.6000000,185.5200000,188.1600000,18846100
SBER,60,20200323,170000,188.1700000,188.5000000,185.0100000,185.3600000,15683700
SBER,60,20200323,180000,185.3600000,185.8000000,183.3700000,183.3700000,14415280
SBER,60,20200324,100000,193.3000000,194.6200000,189.3000000,189.9300000,25122060
SBER,60,20200324,110000,189.8900000,191.9800000,189.1000000,191.1900000,13571350
SBER,60,20200324,120000,191.1200000,192.2700000,190.6600000,191.0000000,11575640
SBER,60,20200324,130000,191.0000000,192.3000000,190.5100000,191.5000000,6154580
SBER,60,20200324,140000,191.5700000,192.4900000,191.2100000,191.5300000,5120300
SBER,60,20200324,150000,191.6300000,192.3900000,190.8100000,192.2200000,6688060
SBER,60,20200324,160000,192.2200000,194.0000000,191.7300000,192.9800000,9859210
SBER,60,20200324,170000,192.9800000,195.0000000,192.4000000,193.8200000,11945620
SBER,60,20200324,180000,193.7900000,194.0000000,192.3000000,192.6400000,14244330
SBER,60,20200325,100000,196.3700000,201.0000000,195.5200000,200.8500000,23896390
SBER,60,20200325,110000,200.9000000,200.9900000,196.8000000,199.3900000,16693780
SBER,60,20200325,120000,199.3900000,199.8600000,196.9200000,197.9100000,12665810
SBER,60,20200325,130000,197.9100000,198.0000000,187.5500000,189.8600000,31800690
SBER,60,20200325,140000,189.8600000,192.7500000,189.5000000,191.1100000,15529850
SBER,60,20200325,150000,191.1200000,192.0000000,189.5900000,190.5000000,8926000
SBER,60,20200325,160000,190.5000000,192.1100000,187.1000000,187.5900000,24296280
SBER,60,20200325,170000,187.6200000,187.8100000,182.3200000,186.9300000,35027910
SBER,60,20200325,180000,186.9500000,188.8000000,186.0100000,188.0800000,18888120
SBER,60,20200326,100000,187.6900000,187.6900000,182.8000000,184.2000000,20484920
SBER,60,20200326,110000,184.2000000,185.7900000,183.0300000,185.7200000,15634980
SBER,60,20200326,120000,185.7100000,186.8200000,184.0800000,185.0500000,8975700
SBER,60,20200326,130000,184.9900000,186.2500000,184.4800000,185.5600000,5994060
SBER,60,20200326,140000,185.5600000,187.3500000,185.2200000,186.4300000,11140030
SBER,60,20200326,150000,186.4300000,187.5000000,185.5500000,186.4000000,10251100
SBER,60,20200326,160000,186.3700000,189.2300000,185.9900000,188.3300000,14847120
SBER,60,20200326,170000,188.3000000,191.2000000,188.1100000,189.7300000,14843260
SBER,60,20200326,180000,189.7500000,190.1900000,187.8000000,188.0700000,9167300
SBER,60,20200327,100000,188.0500000,188.9700000,185.1500000,186.0700000,14267580
SBER,60,20200327,110000,186.0200000,187.2000000,184.6000000,186.0700000,11829190
SBER,60,20200327,120000,186.1000000,186.6000000,184.7400000,184.7700000,8346370
SBER,60,20200327,130000,184.7700000,186.2000000,184.2200000,185.1300000,8454210
SBER,60,20200327,140000,185.1300000,186.0300000,183.6100000,184.2400000,10840380
SBER,60,20200327,150000,184.2100000,184.2300000,182.5000000,183.0700000,12737580
SBER,60,20200327,160000,182.9900000,183.4500000,182.1500000,182.9500000,12418180
SBER,60,20200327,170000,182.9500000,183.8500000,180.1700000,181.0500000,19554950
SBER,60,20200327,180000,181.0700000,181.3600000,180.3000000,180.3800000,15658060
SBER,60,20200330,100000,177.0300000,179.9500000,174.9000000,178.0800000,28929860
SBER,60,20200330,110000,178.0800000,181.2500000,177.9100000,178.9400000,14274270
SBER,60,20200330,120000,179.0000000,182.1600000,178.6600000,181.1500000,9111380
SBER,60,20200330,130000,181.1200000,182.3800000,180.7700000,181.5700000,4366190
SBER,60,20200330,140000,181.6400000,181.6400000,179.1700000,179.7900000,5665690
SBER,60,20200330,150000,179.7700000,182.7600000,179.3000000,182.7500000,6579710
SBER,60,20200330,160000,182.7500000,183.2000000,181.5300000,181.7100000,9008340
SBER,60,20200330,170000,181.6500000,182.4500000,181.1500000,181.8500000,7483210
SBER,60,20200330,180000,181.8400000,183.2000000,181.2200000,183.0000000,8576520
SBER,60,20200331,100000,186.0000000,187.8500000,185.5000000,187.3000000,23128200
SBER,60,20200331,110000,187.3000000,188.7700000,186.9700000,187.7100000,12860790
SBER,60,20200331,120000,187.6800000,188.2900000,187.1000000,187.6800000,9383160
SBER,60,20200331,130000,187.6300000,187.6900000,185.3000000,186.2500000,13881010
SBER,60,20200331,140000,186.2800000,186.7600000,184.6000000,185.5400000,10949130
SBER,60,20200331,150000,185.5400000,185.9800000,184.5100000,185.7600000,8863560
SBER,60,20200331,160000,185.6600000,186.3500000,184.2500000,184.5900000,7001830
SBER,60,20200331,170000,184.6900000,187.7500000,184.5800000,186.8500000,13822750
SBER,60,20200331,180000,186.8900000,187.2100000,185.8900000,187.2100000,13715410
SBER,60,20200401,100000,183.2000000,185.3400000,182.0000000,184.6500000,18889490
SBER,60,20200401,110000,184.6800000,185.1000000,183.8500000,184.4500000,8151210
SBER,60,20200401,120000,184.4900000,185.4700000,184.3000000,184.6600000,6184980
SBER,60,20200401,130000,184.7100000,185.0300000,183.6500000,184.4800000,7637310
SBER,60,20200401,140000,184.5000000,184.8500000,184.2000000,184.5500000,4814340
SBER,60,20200401,150000,184.5500000,185.2000000,184.4000000,184.5300000,6162540
SBER,60,20200401,160000,184.5300000,184.6800000,183.5300000,183.9500000,8740540
SBER,60,20200401,170000,183.9800000,184.6900000,183.6700000,184.1600000,6920530
SBER,60,20200401,180000,184.1600000,184.9500000,184.1200000,184.7800000,8952110
SBER,60,20200402,100000,188.3400000,189.9000000,186.0700000,186.7000000,20706550
SBER,60,20200402,110000,186.6900000,187.5000000,185.6200000,186.3600000,9698830
SBER,60,20200402,120000,186.3800000,186.9000000,186.0500000,186.5600000,4138600
SBER,60,20200402,130000,186.5600000,187.2100000,186.1000000,186.5500000,6136680
SBER,60,20200402,140000,186.5300000,186.6000000,185.7500000,186.4000000,5535350
SBER,60,20200402,150000,186.3900000,186.5000000,184.3800000,184.3900000,9550860
SBER,60,20200402,160000,184.4100000,184.5000000,182.2000000,182.3200000,12073230
SBER,60,20200402,170000,182.3200000,187.5000000,182.0000000,186.2200000,35292050
SBER,60,20200402,180000,186.1100000,187.6700000,185.0700000,186.9500000,22157230
SBER,60,20200403,100000,186.6000000,186.8000000,184.3000000,185.7700000,22928030
SBER,60,20200403,110000,185.7200000,185.8700000,184.5700000,185.6500000,11592060
SBER,60,20200403,120000,185.6500000,185.8400000,185.0600000,185.4800000,5878790
SBER,60,20200403,130000,185.4800000,185.5800000,184.6300000,185.2800000,8110500
SBER,60,20200403,140000,185.2700000,185.6700000,184.2800000,185.5000000,8702850
SBER,60,20200403,150000,185.4600000,186.7900000,185.4000000,186.6300000,9098180
SBER,60,20200403,160000,186.6700000,187.4900000,185.7100000,185.9800000,11320280
SBER,60,20200403,170000,185.9800000,186.7100000,185.0600000,185.4900000,7943760
SBER,60,20200403,180000,185.4900000,185.7500000,185.2200000,185.6400000,7152070
SBER,60,20200406,100000,187.5200000,189.2800000,186.4200000,187.1800000,14169960
SBER,60,20200406,110000,187.1400000,187.4000000,186.4300000,187.0300000,5673490
SBER,60,20200406,120000,187.0500000,187.8700000,186.8700000,187.3600000,7159620
SBER,60,20200406,130000,187.3500000,187.7000000,186.8100000,187.6300000,4927500
SBER,60,20200406,140000,187.6300000,188.3900000,187.3000000,187.8400000,5395310
SBER,60,20200406,150000,187.8800000,188.6000000,187.5500000,188.2800000,4228240
SBER,60,20200406,160000,188.2500000,190.6000000,188.1300000,190.1500000,11032730
SBER,60,20200406,170000,190.1700000,192.0200000,189.9500000,190.5300000,16227320
SBER,60,20200406,180000,190.5900000,190.7000000,190.3000000,190.7000000,8706750
SBER,60,20200407,100000,193.1000000,198.2000000,193.0600000,197.9100000,34040420
SBER,60,20200407,110000,197.8200000,200.5400000,197.3000000,198.8800000,31545230
SBER,60,20200407,120000,198.8600000,199.8400000,198.7000000,198.8900000,8617510
SBER,60,20200407,130000,198.8400000,200.0000000,198.2000000,199.3600000,8069650
SBER,60,20200407,140000,199.3400000,199.5000000,196.6300000,196.6800000,11154020
SBER,60,20200407,150000,196.6800000,197.3500000,195.2600000,196.7100000,12413790
SBER,60,20200407,160000,196.7200000,198.2400000,195.4100000,197.8700000,8513340
SBER,60,20200407,170000,197.9000000,197.9700000,194.3300000,195.6000000,12243600
SBER,60,20200407,180000,195.6000000,197.7700000,195.1300000,197.6300000,9664920
SBER,60,20200408,100000,196.2000000,199.0000000,195.1200000,198.6900000,18934290
SBER,60,20200408,110000,198.7200000,198.7200000,196.4200000,197.5400000,11641830
SBER,60,20200408,120000,197.5900000,197.6400000,195.3200000,195.9000000,7968470
SBER,60,20200408,130000,195.9300000,196.9000000,195.8400000,196.2600000,4981570
SBER,60,20200408,140000,196.2300000,197.2700000,196.1000000,196.6400000,4896230
SBER,60,20200408,150000,196.6400000,198.8200000,196.5100000,197.6600000,11976060
SBER,60,20200408,160000,197.6600000,199.2000000,197.6100000,198.1300000,10213120
SBER,60,20200408,170000,198.1300000,198.7800000,197.2400000,198.5100000,7787220
SBER,60,20200408,180000,198.5100000,200.2900000,198.3000000,200.2900000,11296720
SBER,60,20200409,100000,202.4000000,204.3600000,202.0100000,203.4700000,20965990
SBER,60,20200409,110000,203.4300000,203.6100000,201.1100000,202.1600000,10132870
SBER,60,20200409,120000,202.1700000,202.9000000,201.3200000,202.3000000,5325930
SBER,60,20200409,130000,202.3300000,203.0000000,202.0000000,202.9800000,6085380
SBER,60,20200409,140000,202.9800000,203.3900000,199.3000000,201.3200000,13214380
SBER,60,20200409,150000,201.3000000,203.3300000,200.8500000,203.1600000,7931600
SBER,60,20200409,160000,203.1100000,204.9000000,202.8200000,204.5100000,11587750
SBER,60,20200409,170000,204.5100000,205.4400000,202.3400000,202.8500000,22316920
SBER,60,20200409,180000,202.8000000,203.6100000,201.6200000,203.6100000,12187260
SBER,60,20200410,100000,201.8500000,202.2600000,200.7000000,201.8700000,8635380
SBER,60,20200410,110000,201.8600000,202.5900000,201.5000000,201.6000000,3350510
SBER,60,20200410,120000,201.5600000,202.1600000,201.1200000,201.7100000,2183510
SBER,60,20200410,130000,201.7200000,201.9900000,201.3000000,201.6200000,1923270
SBER,60,20200410,140000,201.6800000,202.0600000,201.4300000,201.9400000,1091640
SBER,60,20200410,150000,201.9500000,202.3400000,201.5200000,202.1100000,1561150
SBER,60,20200410,160000,202.1400000,202.2600000,200.8500000,201.6600000,4398800
SBER,60,20200410,170000,201.6800000,201.8900000,201.3000000,201.7700000,2303540
SBER,60,20200410,180000,201.7700000,202.7500000,201.6200000,201.9900000,3210830
SBER,60,20200413,100000,201.9900000,202.1600000,197.8300000,198.6800000,11018870
SBER,60,20200413,110000,198.6200000,199.3500000,197.3200000,198.9900000,9441250
SBER,60,20200413,120000,198.9900000,199.4300000,197.8100000,198.6600000,3777990
SBER,60,20200413,130000,198.6400000,199.3800000,198.2500000,198.9100000,2462950
SBER,60,20200413,140000,198.9800000,199.3300000,198.6100000,198.8400000,1326840
SBER,60,20200413,150000,198.8100000,199.2300000,198.5100000,198.7700000,1921500
SBER,60,20200413,160000,198.7900000,199.0000000,198.3800000,198.9400000,1789740
SBER,60,20200413,170000,198.9500000,199.4500000,198.5600000,198.5600000,3190230
SBER,60,20200413,180000,198.6400000,198.7000000,197.8100000,198.2600000,6266970
SBER,60,20200414,100000,199.9900000,201.8900000,199.9100000,201.5500000,13463040
SBER,60,20200414,110000,201.5500000,201.9400000,200.9600000,201.4600000,6801120
SBER,60,20200414,120000,201.4100000,202.8500000,201.2700000,201.8800000,5986000
SBER,60,20200414,130000,201.8500000,202.2400000,200.6100000,201.0000000,6170760
SBER,60,20200414,140000,201.0000000,201.1000000,199.1400000,199.5500000,6474900
SBER,60,20200414,150000,199.5000000,200.3700000,198.7100000,199.6200000,6981990
SBER,60,20200414,160000,199.6100000,200.1400000,198.8500000,199.0800000,9253250
SBER,60,20200414,170000,199.0800000,199.5900000,198.0800000,198.6300000,11383970
SBER,60,20200414,180000,198.6300000,198.8100000,196.1000000,197.3700000,13617470
SBER,60,20200415,100000,196.0000000,196.2500000,192.7000000,193.0700000,18197660
SBER,60,20200415,110000,193.0200000,193.0700000,191.7400000,192.2900000,11416330
SBER,60,20200415,120000,192.4100000,192.7500000,191.5200000,192.5700000,5995780
SBER,60,20200415,130000,192.6000000,192.6100000,191.1000000,191.5400000,6824540
SBER,60,20200415,140000,191.5900000,192.1400000,190.2500000,190.5600000,6587940
SBER,60,20200415,150000,190.5600000,190.5600000,186.8000000,186.8800000,15614430
SBER,60,20200415,160000,186.8800000,189.2900000,186.4000000,187.8100000,12589260
SBER,60,20200415,170000,187.8100000,187.8700000,186.1000000,186.4400000,10701850
SBER,60,20200415,180000,186.4100000,186.9900000,186.0600000,186.0700000,10051480
SBER,60,20200416,100000,187.2200000,188.2000000,183.5300000,187.9600000,26694780
SBER,60,20200416,110000,187.9100000,190.6900000,187.5000000,189.1800000,18850880
SBER,60,20200416,120000,189.2600000,189.5900000,187.5500000,188.1600000,8110220
SBER,60,20200416,130000,188.1700000,190.0700000,187.6700000,189.6800000,7672240
SBER,60,20200416,140000,189.5800000,190.3500000,188.9000000,189.9400000,7705100
SBER,60,20200416,150000,189.9800000,191.6700000,189.8100000,190.5900000,7432120
SBER,60,20200416,160000,190.6000000,190.9400000,188.0600000,188.1700000,11350630
SBER,60,20200416,170000,188.1700000,190.4400000,187.7300000,189.3300000,9826390
SBER,60,20200416,180000,189.3600000,189.8900000,188.3000000,188.5000000,11426690
SBER,60,20200417,100000,192.5000000,192.7000000,189.4700000,190.3500000,17803780
SBER,60,20200417,110000,190.3400000,190.9000000,188.5500000,188.5900000,7670640
SBER,60,20200417,120000,188.5800000,190.3300000,188.2800000,189.8400000,6898340
SBER,60,20200417,130000,189.8300000,191.1500000,189.5200000,190.7100000,5671320
SBER,60,20200417,140000,190.7400000,191.8000000,190.0600000,190.8000000,6298210
SBER,60,20200417,150000,190.8000000,191.4500000,190.1600000,191.2700000,4950910
SBER,60,20200417,160000,191.2400000,192.1300000,190.6500000,191.6000000,7973630
SBER,60,20200417,170000,191.5700000,191.8200000,190.7000000,191.4700000,6474070
SBER,60,20200417,180000,191.4600000,192.4000000,191.1800000,191.8000000,7781630
SBER,60,20200420,100000,190.6000000,192.2300000,189.5500000,191.3500000,12232580
SBER,60,20200420,110000,191.3600000,191.4800000,190.2900000,191.0200000,4476460
SBER,60,20200420,120000,191.0500000,191.2400000,189.6000000,189.8900000,7911660
SBER,60,20200420,130000,189.8900000,190.4700000,189.1500000,189.7100000,4395340
SBER,60,20200420,140000,189.7600000,190.0000000,187.3100000,187.8600000,9488230
SBER,60,20200420,150000,187.8900000,188.7600000,187.6100000,188.2500000,4668920
SBER,60,20200420,160000,188.2200000,189.4100000,187.7500000,189.1900000,8325340
SBER,60,20200420,170000,189.2000000,189.2600000,188.5100000,188.8400000,5092630
SBER,60,20200420,180000,188.8400000,189.9200000,188.7500000,189.3200000,5570870
SBER,60,20200421,100000,185.5400000,187.1300000,185.0300000,185.5700000,16569970
SBER,60,20200421,110000,185.5500000,186.7900000,185.2500000,186.1200000,6887500
SBER,60,20200421,120000,186.0800000,186.5000000,183.6500000,185.1500000,17115480
SBER,60,20200421,130000,185.2100000,186.8200000,185.0800000,186.4600000,10007700
SBER,60,20200421,140000,186.5500000,187.5000000,185.6500000,185.8000000,8450170
SBER,60,20200421,150000,185.8000000,186.0900000,184.5500000,184.7400000,9730000
SBER,60,20200421,160000,184.7500000,186.9400000,184.5000000,186.4700000,10148470
SBER,60,20200421,170000,186.4700000,186.9900000,185.5100000,185.9100000,6425930
SBER,60,20200421,180000,185.9500000,186.7500000,185.8000000,186.0500000,8718620
SBER,60,20200422,100000,185.0500000,187.8900000,184.5000000,187.3000000,16449990
SBER,60,20200422,110000,187.2900000,188.8000000,186.9100000,188.5800000,7315940
SBER,60,20200422,120000,188.5800000,190.2000000,188.1700000,189.8900000,9501080
SBER,60,20200422,130000,189.8900000,190.0500000,188.8400000,189.1800000,4911520
SBER,60,20200422,140000,189.1900000,189.4900000,188.5200000,189.4100000,2850870
SBER,60,20200422,150000,189.4100000,190.8000000,188.7100000,190.6000000,8803920
SBER,60,20200422,160000,190.5600000,191.9400000,189.9500000,190.5000000,9152680
SBER,60,20200422,170000,190.4900000,190.9000000,189.3500000,189.7000000,9461660
SBER,60,20200422,180000,189.7100000,190.4100000,189.5100000,190.2000000,6746420
SBER,60,20200423,100000,192.0000000,192.5000000,189.3600000,189.4800000,14237910
SBER,60,20200423,110000,189.5200000,189.9900000,188.6800000,188.9900000,7743820
SBER,60,20200423,120000,189.0000000,191.3800000,188.9300000,191.1700000,7313230
SBER,60,20200423,130000,191.2100000,191.3800000,189.5700000,189.9000000,5008200
SBER,60,20200423,140000,189.9000000,190.9500000,189.5000000,190.1400000,3069210
SBER,60,20200423,150000,190.1100000,191.5500000,189.7200000,191.2100000,4423440
SBER,60,20200423,160000,191.2700000,191.8900000,190.6300000,190.9200000,5194410
SBER,60,20200423,170000,190.9200000,192.4000000,190.8300000,191.8800000,9040790
SBER,60,20200423,180000,191.9600000,192.0100000,190.9400000,190.9400000,6550590
SBER,60,20200424,100000,189.7300000,190.1300000,188.1200000,188.8900000,11570130
SBER,60,20200424,110000,188.9100000,188.9400000,187.7000000,188.1600000,5874990
SBER,60,20200424,120000,188.1800000,189.8200000,188.1000000,189.4200000,4402930
SBER,60,20200424,130000,189.4100000,190.4000000,188.9000000,190.2000000,3877980
SBER,60,20200424,140000,190.2000000,190.9000000,189.8700000,190.8000000,4681650
SBER,60,20200424,150000,190.8100000,191.6500000,190.1600000,191.0900000,4975790
SBER,60,20200424,160000,191.0600000,191.3800000,188.7000000,188.8500000,6105560
SBER,60,20200424,170000,188.8000000,189.4400000,188.0200000,188.0400000,7491300
SBER,60,20200424,180000,188.0200000,189.3700000,188.0100000,188.9100000,6271920
SBER,60,20200427,100000,189.9500000,190.5000000,189.0000000,189.5500000,8034000
SBER,60,20200427,110000,189.5600000,190.4200000,188.8300000,190.1300000,6353140
SBER,60,20200427,120000,190.1100000,190.2000000,189.6100000,190.0000000,6350530
SBER,60,20200427,130000,190.0000000,190.1500000,189.2800000,189.6700000,2975730
SBER,60,20200427,140000,189.6800000,189.8500000,188.8500000,189.1600000,3629210
SBER,60,20200427,150000,189.1600000,189.2600000,188.4300000,188.8800000,3907530
SBER,60,20200427,160000,188.8700000,189.2000000,188.5700000,188.8700000,3367680
SBER,60,20200427,170000,188.8800000,189.6900000,188.6500000,189.1400000,4371910
SBER,60,20200427,180000,189.1700000,189.4800000,188.7700000,188.9000000,4637420
SBER,60,20200428,100000,188.5500000,189.6900000,188.1700000,189.4100000,8116350
SBER,60,20200428,110000,189.4200000,189.6000000,188.7100000,189.1000000,3139970
SBER,60,20200428,120000,189.0900000,191.8200000,188.9200000,191.3500000,11651920
SBER,60,20200428,130000,191.3500000,192.1500000,190.3100000,190.7400000,11899310
SBER,60,20200428,140000,190.7600000,191.4300000,190.5000000,191.3200000,3542340
SBER,60,20200428,150000,191.3200000,192.9800000,191.2200000,192.4400000,8419570
SBER,60,20200428,160000,192.4400000,194.2200000,192.3200000,192.7900000,11068730
SBER,60,20200428,170000,192.7900000,194.0600000,191.5600000,191.9600000,12759800
SBER,60,20200428,180000,191.9100000,193.2600000,191.8000000,192.8000000,7957760
SBER,60,20200429,100000,194.3600000,194.8900000,193.4100000,194.7100000,14733210
SBER,60,20200429,110000,194.7100000,194.7800000,193.8500000,194.6900000,6210800
SBER,60,20200429,120000,194.6800000,195.0000000,194.4500000,194.4600000,5572430
SBER,60,20200429,130000,194.4500000,194.4500000,193.7100000,194.1200000,4081130
SBER,60,20200429,140000,194.1200000,194.4900000,192.8600000,193.4700000,5916820
SBER,60,20200429,150000,193.4700000,194.8600000,193.3400000,194.6800000,7557310
SBER,60,20200429,160000,194.6600000,194.8000000,193.9000000,194.5900000,5948460
SBER,60,20200429,170000,194.5900000,195.7000000,194.0100000,195.6000000,12231420
SBER,60,20200429,180000,195.5100000,195.8000000,195.0000000,195.8000000,7514580
SBER,60,20200430,100000,196.5200000,199.7000000,195.6200000,198.1400000,24659710
SBER,60,20200430,110000,198.1000000,198.9900000,196.7000000,197.1400000,13288210
SBER,60,20200430,120000,197.1900000,198.4700000,196.5400000,198.0400000,5438910
SBER,60,20200430,130000,198.0300000,198.1700000,195.7600000,196.3200000,7020400
SBER,60,20200430,140000,196.3100000,197.3200000,195.4600000,196.6700000,7783320
SBER,60,20200430,150000,196.7000000,197.6300000,196.1700000,196.8000000,6400920
SBER,60,20200430,160000,196.6800000,198.0900000,195.8500000,197.6100000,6199920
SBER,60,20200430,170000,197.6100000,197.9900000,196.1600000,196.8200000,5814740
SBER,60,20200430,180000,196.8600000,197.5000000,196.2700000,197.2500000,10422300
SBER,60,20200504,100000,195.6800000,195.6800000,193.5200000,195.3200000,13872380
SBER,60,20200504,110000,195.2900000,195.5700000,194.5000000,194.6600000,4605570
SBER,60,20200504,120000,194.6700000,194.7900000,194.0000000,194.4500000,5616790
SBER,60,20200504,130000,194.5000000,195.1500000,194.0700000,194.2100000,3454030
SBER,60,20200504,140000,194.2200000,194.4500000,193.2600000,193.6600000,6715320
SBER,60,20200504,150000,193.6500000,194.3600000,193.3000000,193.5300000,4118370
SBER,60,20200504,160000,193.5400000,194.5500000,193.2900000,194.3000000,6582830
SBER,60,20200504,170000,194.3000000,195.1400000,193.6000000,193.6200000,6695670
SBER,60,20200504,180000,193.6200000,194.1800000,193.5500000,193.6900000,4578970
SBER,60,20200505,100000,195.5400000,196.4600000,195.0200000,195.2900000,9050560
SBER,60,20200505,110000,195.2700000,195.8100000,194.5500000,194.6400000,5019380
SBER,60,20200505,120000,194.6000000,195.2000000,194.4200000,194.7500000,3304010
SBER,60,20200505,130000,194.7500000,194.9400000,194.0000000,194.4000000,3533320
SBER,60,20200505,140000,194.4300000,195.1300000,194.1800000,194.9500000,1752880
SBER,60,20200505,150000,194.9500000,195.0800000,194.5500000,195.0500000,1618570
SBER,60,20200505,160000,195.0600000,195.5300000,194.9000000,195.4500000,3693180
SBER,60,20200505,170000,195.4600000,195.7600000,194.3500000,194.6900000,4287690
SBER,60,20200505,180000,194.7100000,195.0100000,194.6100000,194.7500000,2980330
SBER,60,20200506,100000,194.9900000,195.5500000,194.3000000,194.5000000,6577590
SBER,60,20200506,110000,194.5100000,195.8900000,194.4000000,195.7900000,6736600
SBER,60,20200506,120000,195.7900000,196.9000000,195.4300000,196.9000000,6721340
SBER,60,20200506,130000,196.8700000,197.0500000,196.3200000,196.8000000,2932420
SBER,60,20200506,140000,196.7900000,197.2300000,195.9000000,196.1100000,6348470
SBER,60,20200506,150000,196.0700000,196.4400000,195.5200000,195.7200000,5788610
SBER,60,20200506,160000,195.8000000,196.2700000,195.3500000,195.5000000,3816610
SBER,60,20200506,170000,195.5100000,196.5000000,195.1500000,196.3400000,5535640
SBER,60,20200506,180000,196.3600000,196.3900000,195.7000000,195.7000000,5056620
SBER,60,20200507,100000,196.0000000,196.6500000,195.6600000,195.6900000,7062850
SBER,60,20200507,110000,195.6800000,196.2400000,195.0600000,195.9800000,3888180
SBER,60,20200507,120000,196.0100000,196.9000000,195.5800000,196.7300000,6275190
SBER,60,20200507,130000,196.7300000,197.7200000,196.4000000,197.6500000,6465020
SBER,60,20200507,140000,197.6900000,198.1500000,197.2300000,197.9700000,6481830
SBER,60,20200507,150000,197.9800000,198.1300000,197.1100000,197.2800000,4317330
SBER,60,20200507,160000,197.2800000,197.3300000,195.7000000,196.2400000,11462840
SBER,60,20200507,170000,196.2800000,196.3400000,195.4000000,195.9100000,7550050
SBER,60,20200507,180000,195.9000000,196.3100000,195.5000000,195.5100000,4167270
SBER,60,20200508,100000,196.0000000,196.2500000,194.7000000,195.1900000,8843840
SBER,60,20200508,110000,195.0600000,195.8500000,194.9600000,195.1000000,3930750
SBER,60,20200508,120000,195.1200000,195.8900000,195.1200000,195.7000000,990120
SBER,60,20200508,130000,195.6400000,195.8800000,195.1300000,195.2700000,1205500
SBER,60,20200508,140000,195.3400000,195.4300000,194.6000000,195.1200000,2800880
SBER,60,20200508,150000,195.1300000,195.8900000,194.8300000,195.6800000,2683860
SBER,60,20200508,160000,195.6800000,196.1600000,195.4100000,195.9100000,3655670
SBER,60,20200508,170000,195.9100000,196.2500000,195.7700000,196.0500000,4522470
SBER,60,20200508,180000,196.0500000,196.2500000,195.9100000,196.0200000,5142190
SBER,60,20200512,100000,193.3000000,198.0000000,192.7600000,194.4200000,20035920
SBER,60,20200512,110000,194.4400000,194.7900000,193.2300000,193.2700000,8495850
SBER,60,20200512,120000,193.2700000,193.8400000,192.8400000,193.2700000,5616110
SBER,60,20200512,130000,193.2600000,193.6900000,193.1000000,193.2600000,3445180
SBER,60,20200512,140000,193.2700000,193.7500000,192.5700000,192.6400000,4690800
SBER,60,20200512,150000,192.6300000,192.9400000,192.5000000,192.8000000,3994590
SBER,60,20200512,160000,192.8100000,193.1700000,192.1400000,192.3100000,5893680
SBER,60,20200512,170000,192.3100000,192.4600000,191.2000000,191.7400000,6867210
SBER,60,20200512,180000,191.7300000,192.3900000,191.4000000,191.4000000,8230980
SBER,60,20200513,100000,190.0500000,190.6000000,186.6600000,187.3400000,21050070
SBER,60,20200513,110000,187.3000000,188.3900000,187.1800000,187.8700000,6518190
SBER,60,20200513,120000,187.8700000,188.8500000,187.8300000,188.6300000,4261510
SBER,60,20200513,130000,188.6300000,188.8800000,188.3600000,188.8200000,1948180
SBER,60,20200513,140000,188.8200000,188.8500000,188.0200000,188.5800000,2218070
SBER,60,20200513,150000,188.6300000,190.3000000,188.5500000,189.2000000,8193490
SBER,60,20200513,160000,189.2000000,189.2800000,188.0000000,188.2100000,6124780
SBER,60,20200513,170000,188.2100000,188.7800000,187.7000000,187.7000000,5222120
SBER,60,20200513,180000,187.7200000,188.3200000,187.3100000,187.3100000,7720480
SBER,60,20200514,100000,186.4900000,187.5400000,185.7500000,185.9800000,11185250
SBER,60,20200514,110000,185.9500000,187.6900000,185.3400000,186.9300000,8268770
SBER,60,20200514,120000,186.9200000,188.2000000,186.7500000,187.9300000,4676180
SBER,60,20200514,130000,187.9300000,187.9900000,186.6000000,187.1600000,4353590
SBER,60,20200514,140000,187.0900000,187.2700000,185.8000000,186.0300000,5784080
SBER,60,20200514,150000,186.0200000,186.1300000,184.7700000,185.3500000,10475160
SBER,60,20200514,160000,185.4100000,186.0600000,183.5000000,183.9200000,11579670
SBER,60,20200514,170000,183.9300000,185.0900000,183.7000000,184.5300000,10276030
SBER,60,20200514,180000,184.5300000,185.0700000,183.8000000,183.8100000,9934170
SBER,60,20200515,100000,186.1300000,186.7000000,184.6800000,185.7800000,15746640
SBER,60,20200515,110000,185.8100000,186.4500000,185.5400000,186.3900000,6605310
SBER,60,20200515,120000,186.4000000,186.7800000,185.3600000,185.7000000,4833510
SBER,60,20200515,130000,185.7100000,185.9900000,185.0900000,185.2200000,2856520
SBER,60,20200515,140000,185.1700000,185.3600000,184.5000000,184.5300000,5710920
SBER,60,20200515,150000,184.5100000,185.1500000,184.3200000,184.9700000,3440790
SBER,60,20200515,160000,184.9700000,185.0200000,184.0100000,184.4400000,4882300
SBER,60,20200515,170000,184.4500000,184.6100000,183.3300000,183.6500000,11363630
SBER,60,20200515,180000,183.7000000,184.2800000,183.6000000,183.8500000,7594230
SBER,60,20200518,100000,186.0600000,186.4800000,185.4000000,185.7100000,10084320
SBER,60,20200518,110000,185.7100000,186.4400000,185.5200000,186.3000000,6329110
SBER,60,20200518,120000,186.3000000,186.5700000,185.7100000,185.9600000,5176580
SBER,60,20200518,130000,185.9600000,186.0200000,185.5700000,185.8500000,3623640
SBER,60,20200518,140000,185.8500000,186.5500000,185.7500000,186.4200000,6085420
SBER,60,20200518,150000,186.4900000,188.7500000,186.3100000,188.5400000,13168720
SBER,60,20200518,160000,188.5600000,188.9500000,188.1100000,188.5000000,9739030
SBER,60,20200518,170000,188.5000000,189.6400000,188.0700000,189.5100000,11118320
SBER,60,20200518,180000,189.5100000,190.0000000,187.2000000,188.9300000,11927510
SBER,60,20200519,100000,190.3800000,191.2500000,189.5600000,190.5300000,13705540
SBER,60,20200519,110000,190.5700000,192.5500000,190.2000000,192.3200000,10407990
SBER,60,20200519,120000,192.3200000,192.4500000,189.2000000,189.5300000,15798610
SBER,60,20200519,130000,189.5200000,189.7800000,187.5600000,189.4700000,12965970
SBER,60,20200519,140000,189.4500000,190.8700000,188.5000000,190.2200000,7334930
SBER,60,20200519,150000,190.2500000,190.6600000,186.8000000,187.5500000,24090290
SBER,60,20200519,160000,187.5700000,188.4800000,187.3000000,188.3000000,7680540
SBER,60,20200519,170000,188.2800000,189.4100000,188.0000000,188.6600000,7547010
SBER,60,20200519,180000,188.6600000,189.0700000,188.4600000,189.0000000,5637770
SBER,60,20200520,100000,188.4500000,188.4500000,186.6000000,187.1700000,11500170
SBER,60,20200520,110000,187.2000000,191.2500000,187.1200000,190.6100000,20537110
SBER,60,20200520,120000,190.6100000,192.0000000,189.9300000,191.7000000,11159740
SBER,60,20200520,130000,191.7000000,191.8800000,190.5100000,191.1900000,7188290
SBER,60,20200520,140000,191.1900000,191.9500000,190.6800000,191.6800000,5068280
SBER,60,20200520,150000,191.7000000,192.3000000,191.2100000,191.6200000,7966790
SBER,60,20200520,160000,191.6300000,192.1700000,191.2500000,191.8400000,6419870
SBER,60,20200520,170000,191.8700000,192.4000000,191.0300000,192.3000000,8534230
SBER,60,20200520,180000,192.3000000,193.9800000,191.8200000,193.9800000,14937400
SBER,60,20200521,100000,194.0000000,196.3100000,192.6000000,194.5600000,24414240
SBER,60,20200521,110000,194.5700000,194.8000000,192.8000000,194.2600000,11339080
SBER,60,20200521,120000,194.3000000,194.3300000,192.8900000,192.9300000,4871210
SBER,60,20200521,130000,192.9300000,194.2500000,192.6700000,193.3300000,6008920
SBER,60,20200521,140000,193.3800000,195.1100000,193.0300000,194.0400000,7321330
SBER,60,20200521,150000,194.1000000,194.8200000,193.5300000,194.0000000,3442650
SBER,60,20200521,160000,194.0000000,194.6000000,193.5800000,194.0300000,3940910
SBER,60,20200521,170000,194.0300000,194.4000000,192.5000000,192.8100000,7878360
SBER,60,20200521,180000,192.8100000,192.9900000,191.5000000,192.4000000,10173910
SBER,60,20200522,100000,190.9700000,191.2500000,189.6300000,189.8200000,12069310
SBER,60,20200522,110000,189.8100000,190.8800000,189.4300000,190.7800000,7562420
SBER,60,20200522,120000,190.7300000,190.9400000,190.1300000,190.1700000,3987380
SBER,60,20200522,130000,190.1900000,190.6000000,189.7000000,189.9100000,4736390
SBER,60,20200522,140000,189.8900000,190.1600000,189.2400000,189.7800000,5711470
SBER,60,20200522,150000,189.8400000,190.1400000,189.0000000,189.6000000,5612690
SBER,60,20200522,160000,189.6100000,189.7300000,188.6000000,189.1000000,6843500
SBER,60,20200522,170000,189.1000000,189.6200000,188.6200000,189.1300000,4305080
SBER,60,20200522,180000,189.1300000,189.3600000,188.7500000,188.9000000,6098420
