<TICKER>,<PER>,<DATE>,<TIME>,<OPEN>,<HIGH>,<LOW>,<CLOSE>,<VOL>
SBER,60,20200504,100000,195.6800000,195.6800000,193.5200000,195.3200000,13872380
SBER,60,20200504,110000,195.2900000,195.5700000,194.5000000,194.6600000,4605570
SBER,60,20200504,120000,194.6700000,194.7900000,194.0000000,194.4500000,5616790
SBER,60,20200504,130000,194.5000000,195.1500000,194.0700000,194.2100000,3454030
SBER,60,20200504,140000,194.2200000,194.4500000,193.2600000,193.6600000,6715320
SBER,60,20200504,150000,193.6500000,194.3600000,193.3000000,193.5300000,4118370
SBER,60,20200504,160000,193.5400000,194.5500000,193.2900000,194.3000000,6582830
SBER,60,20200504,170000,194.3000000,195.1400000,193.6000000,193.6200000,6695670
SBER,60,20200504,180000,193.6200000,194.1800000,193.5500000,193.6900000,4578970
SBER,60,20200505,100000,195.5400000,196.4600000,195.0200000,195.2900000,9050560
SBER,60,20200505,110000,195.2700000,195.8100000,194.5500000,194.6400000,5019380
SBER,60,20200505,120000,194.6000000,195.2000000,194.4200000,194.7500000,3304010
SBER,60,20200505,130000,194.7500000,194.9400000,194.0000000,194.4000000,3533320
SBER,60,20200505,140000,194.4300000,195.1300000,194.1800000,194.9500000,1752880
SBER,60,20200505,150000,194.9500000,195.0800000,194.5500000,195.0500000,1618570
SBER,60,20200505,160000,195.0600000,195.5300000,194.9000000,195.4500000,3693180
SBER,60,20200505,170000,195.4600000,195.7600000,194.3500000,194.6900000,4287690
SBER,60,20200505,180000,194.7100000,195.0100000,194.6100000,194.7500000,2980330
SBER,60,20200506,100000,194.9900000,195.5500000,194.3000000,194.5000000,6577590
SBER,60,20200506,110000,194.5100000,195.8900000,194.4000000,195.7900000,6736600
SBER,60,20200506,120000,195.7900000,196.9000000,195.4300000,196.9000000,6721340
SBER,60,20200506,130000,196.8700000,197.0500000,196.3200000,196.8000000,2932420
SBER,60,20200506,140000,196.7900000,197.2300000,195.9000000,196.1100000,6348470
SBER,60,20200506,150000,196.0700000,196.4400000,195.5200000,195.7200000,5788610
SBER,60,20200506,160000,195.8000000,196.2700000,195.3500000,195.5000000,3816610
SBER,60,20200506,170000,195.5100000,196.5000000,195.1500000,196.3400000,5535640
SBER,60,20200506,180000,196.3600000,196.3900000,195.7000000,195.7000000,5056620
SBER,60,20200507,100000,196.0000000,196.6500000,195.6600000,195.6900000,7062850
SBER,60,20200507,110000,195.6800000,196.2400000,195.0600000,195.9800000,3888180
SBER,60,20200507,120000,196.0100000,196.9000000,195.5800000,196.7300000,6275190
SBER,60,20200507,130000,196.7300000,197.7200000,196.4000000,197.6500000,6465020
SBER,60,20200507,140000,197.6900000,198.1500000,197.2300000,197.9700000,6481830
SBER,60,20200507,150000,197.9800000,198.1300000,197.1100000,197.2800000,4317330
SBER,60,20200507,160000,197.2800000,197.3300000,195.7000000,196.2400000,11462840
SBER,60,20200507,170000,196.2800000,196.3400000,195.4000000,195.9100000,7550050
SBER,60,20200507,180000,195.9000000,196.3100000,195.5000000,195.5100000,4167270
SBER,60,20200508,100000,196.0000000,196.2500000,194.7000000,195.1900000,8843840
SBER,60,20200508,110000,195.0600000,195.8500000,194.9600000,195.1000000,3930750
SBER,60,20200508,120000,195.1200000,195.8900000,195.1200000,195.7000000,990120
SBER,60,20200508,130000,195.6400000,195.8800000,195.1300000,195.2700000,1205500
SBER,60,20200508,140000,195.3400000,195.4300000,194.6000000,195.1200000,2800880
SBER,60,20200508,150000,195.1300000,195.8900000,194.8300000,195.6800000,2683860
SBER,60,20200508,160000,195.6800000,196.1600000,195.4100000,195.9100000,3655670
SBER,60,20200508,170000,195.9100000,196.2500000,195.7700000,196.0500000,4522470
SBER,60,20200508,180000,196.0500000,196.2500000,195.9100000,196.0200000,5142190
SBER,60,20200512,100000,193.3000000,198.0000000,192.7600000,194.4200000,20035920
SBER,60,20200512,110000,194.4400000,194.7900000,193.2300000,193.2700000,8495850
SBER,60,20200512,120000,193.2700000,193.8400000,192.8400000,193.2700000,5616110
SBER,60,20200512,130000,193.2600000,193.6900000,193.1000000,193.2600000,3445180
SBER,60,20200512,140000,193.2700000,193.7500000,192.5700000,192.6400000,4690800
SBER,60,20200512,150000,192.6300000,192.9400000,192.5000000,192.8000000,3994590
SBER,60,20200512,160000,192.8100000,193.1700000,192.1400000,192.3100000,5893680
SBER,60,20200512,170000,192.3100000,192.4600000,191.2000000,191.7400000,6867210
SBER,60,20200512,180000,191.7300000,192.3900000,191.4000000,191.4000000,8230980
SBER,60,20200513,100000,190.0500000,190.6000000,186.6600000,187.3400000,21050070
SBER,60,20200513,110000,187.3000000,188.3900000,187.1800000,187.8700000,6518190
SBER,60,20200513,120000,187.8700000,188.8500000,187.8300000,188.6300000,4261510
SBER,60,20200513,130000,188.6300000,188.8800000,188.3600000,188.8200000,1948180
SBER,60,20200513,140000,188.8200000,188.8500000,188.0200000,188.5800000,2218070
SBER,60,20200513,150000,188.6300000,190.3000000,188.5500000,189.2000000,8193490
SBER,60,20200513,160000,189.2000000,189.2800000,188.0000000,188.2100000,6124780
SBER,60,20200513,170000,188.2100000,188.7800000,187.7000000,187.7000000,5222120
SBER,60,20200513,180000,187.7200000,188.3200000,187.3100000,187.3100000,7720480
SBER,60,20200514,100000,186.4900000,187.5400000,185.7500000,185.9800000,11185250
SBER,60,20200514,110000,185.9500000,187.6900000,185.3400000,186.9300000,8268770
SBER,60,20200514,120000,186.9200000,188.2000000,186.7500000,187.9300000,4676180
SBER,60,20200514,130000,187.9300000,187.9900000,186.6000000,187.1600000,4353590
SBER,60,20200514,140000,187.0900000,187.2700000,185.8000000,186.0300000,5784080
SBER,60,20200514,150000,186.0200000,186.1300000,184.7700000,185.3500000,10475160
SBER,60,20200514,160000,185.4100000,186.0600000,183.5000000,183.9200000,11579670
SBER,60,20200514,170000,183.9300000,185.0900000,183.7000000,184.5300000,10276030
SBER,60,20200514,180000,184.5300000,185.0700000,183.8000000,183.8100000,9934170
SBER,60,20200515,100000,186.1300000,186.7000000,184.6800000,185.7800000,15746640
SBER,60,20200515,110000,185.8100000,186.4500000,185.5400000,186.3900000,6605310
SBER,60,20200515,120000,186.4000000,186.7800000,185.3600000,185.7000000,4833510
SBER,60,20200515,130000,185.7100000,185.9900000,185.0900000,185.2200000,2856520
SBER,60,20200515,140000,185.1700000,185.3600000,184.5000000,184.5300000,5710920
SBER,60,20200515,150000,184.5100000,185.1500000,184.3200000,184.9700000,3440790
SBER,60,20200515,160000,184.9700000,185.0200000,184.0100000,184.4400000,4882300
SBER,60,20200515,170000,184.4500000,184.6100000,183.3300000,183.6500000,11363630
SBER,60,20200515,180000,183.7000000,184.2800000,183.6000000,183.8500000,7594230
SBER,60,20200518,100000,186.0600000,186.4800000,185.4000000,185.7100000,10084320
SBER,60,20200518,110000,185.7100000,186.4400000,185.5200000,186.3000000,6329110
SBER,60,20200518,120000,186.3000000,186.5700000,185.7100000,185.9600000,5176580
SBER,60,20200518,130000,185.9600000,186.0200000,185.5700000,185.8500000,3623640
SBER,60,20200518,140000,185.8500000,186.5500000,185.7500000,186.4200000,6085420
SBER,60,20200518,150000,186.4900000,188.7500000,186.3100000,188.5400000,13168720
SBER,60,20200518,160000,188.5600000,188.9500000,188.1100000,188.5000000,9739030
SBER,60,20200518,170000,188.5000000,189.6400000,188.0700000,189.5100000,11118320
SBER,60,20200518,180000,189.5100000,190.0000000,187.2000000,188.9300000,11927510
SBER,60,20200519,100000,190.3800000,191.2500000,189.5600000,190.5300000,13705540
SBER,60,20200519,110000,190.5700000,192.5500000,190.2000000,192.3200000,10407990
SBER,60,20200519,120000,192.3200000,192.4500000,189.2000000,189.5300000,15798610
SBER,60,20200519,130000,189.5200000,189.7800000,187.5600000,189.4700000,12965970
SBER,60,20200519,140000,189.4500000,190.8700000,188.5000000,190.2200000,7334930
SBER,60,20200519,150000,190.2500000,190.6600000,186.8000000,187.5500000,24090290
SBER,60,20200519,160000,187.5700000,188.4800000,187.3000000,188.3000000,7680540
SBER,60,20200519,170000,188.2800000,189.4100000,188.0000000,188.6600000,7547010
SBER,60,20200519,180000,188.6600000,189.0700000,188.4600000,189.0000000,5637770
SBER,60,20200520,100000,188.4500000,188.4500000,186.6000000,187.1700000,11500170
SBER,60,20200520,110000,187.2000000,191.2500000,187.1200000,190.6100000,20537110
SBER,60,20200520,120000,190.6100000,192.0000000,189.9300000,191.7000000,11159740
SBER,60,20200520,130000,191.7000000,191.8800000,190.5100000,191.1900000,7188290
SBER,60,20200520,140000,191.1900000,191.9500000,190.6800000,191.6800000,5068280
SBER,60,20200520,150000,191.7000000,192.3000000,191.2100000,191.6200000,7966790
SBER,60,20200520,160000,191.6300000,192.1700000,191.2500000,191.8400000,6419870
SBER,60,20200520,170000,191.8700000,192.4000000,191.0300000,192.3000000,8534230
SBER,60,20200520,180000,192.3000000,193.9800000,191.8200000,193.9800000,14937400
SBER,60,20200521,100000,194.0000000,196.3100000,192.6000000,194.5600000,24414240
SBER,60,20200521,110000,194.5700000,194.8000000,192.8000000,194.2600000,11339080
SBER,60,20200521,120000,194.3000000,194.3300000,192.8900000,192.9300000,4871210
SBER,60,20200521,130000,192.9300000,194.2500000,192.6700000,193.3300000,6008920
SBER,60,20200521,140000,193.3800000,195.1100000,193.0300000,194.0400000,7321330
SBER,60,20200521,150000,194.1000000,194.8200000,193.5300000,194.0000000,3442650
SBER,60,20200521,160000,194.0000000,194.6000000,193.5800000,194.0300000,3940910
SBER,60,20200521,170000,194.0300000,194.4000000,192.5000000,192.8100000,7878360
SBER,60,20200521,180000,192.8100000,192.9900000,191.5000000,192.4000000,10173910
SBER,60,20200522,100000,190.9700000,191.2500000,189.6300000,189.8200000,12069310
SBER,60,20200522,110000,189.8100000,190.8800000,189.4300000,190.7800000,7562420
SBER,60,20200522,120000,190.7300000,190.9400000,190.1300000,190.1700000,3987380
SBER,60,20200522,130000,190.1900000,190.6000000,189.7000000,189.9100000,4736390
SBER,60,20200522,140000,189.8900000,190.1600000,189.2400000,189.7800000,5711470
SBER,60,20200522,150000,189.8400000,190.1400000,189.0000000,189.6000000,5612690
SBER,60,20200522,160000,189.6100000,189.7300000,188.6000000,189.1000000,6843500
SBER,60,20200522,170000,189.1000000,189.6200000,188.6200000,189.1300000,4305080
SBER,60,20200522,180000,189.1300000,189.3600000,188.7500000,188.9000000,6098420
SBER,60,20200525,100000,189.6200000,190.4000000,189.1600000,189.3500000,5910260
SBER,60,20200525,110000,189.3500000,189.8300000,188.8000000,189.5900000,3773110
SBER,60,20200525,120000,189.5900000,189.9700000,189.2800000,189.6200000,1606100
SBER,60,20200525,130000,189.6500000,189.8100000,189.2500000,189.7200000,1052710
SBER,60,20200525,140000,189.7200000,189.9600000,189.5000000,189.9000000,1169410
SBER,60,20200525,150000,189.8900000,189.9000000,189.3000000,189.4500000,1220010
SBER,60,20200525,160000,189.4100000,189.7200000,189.3300000,189.6900000,1055860
SBER,60,20200525,170000,189.6900000,190.7600000,189.5100000,190.6800000,3795140
SBER,60,20200525,180000,190.7200000,191.3100000,190.6400000,191.0000000,3508230
SBER,60,20200526,100000,192.8300000,194.0000000,192.1100000,193.6400000,17496960
SBER,60,20200526,110000,193.6400000,194.9600000,193.5200000,194.4800000,12968130
SBER,60,20200526,120000,194.5300000,194.6700000,193.7900000,193.8000000,4059650
SBER,60,20200526,130000,193.8300000,194.9000000,193.4700000,194.2900000,4727480
SBER,60,20200526,140000,194.3500000,194.5800000,194.0000000,194.2400000,2665300
SBER,60,20200526,150000,194.2500000,195.1900000,193.9100000,194.8200000,7022830
SBER,60,20200526,160000,194.8500000,196.1000000,194.5800000,195.2700000,14763220
SBER,60,20200526,170000,195.3100000,195.4800000,194.6000000,194.8200000,5751130
SBER,60,20200526,180000,194.8900000,195.1200000,193.6500000,194.0000000,9583820
SBER,60,20200527,100000,194.0100000,195.4700000,193.3200000,194.9200000,14699400
SBER,60,20200527,110000,194.9400000,197.2100000,194.6700000,197.0300000,20817580
SBER,60,20200527,120000,197.0600000,198.6300000,197.0300000,198.4600000,15476020
SBER,60,20200527,130000,198.4700000,198.8000000,197.5700000,198.3500000,10596470
SBER,60,20200527,140000,198.3500000,198.7800000,197.6600000,197.7900000,6083580
SBER,60,20200527,150000,197.8000000,198.9700000,197.7300000,197.7300000,8532770
SBER,60,20200527,160000,197.7300000,198.5000000,195.1100000,195.5600000,16150210
SBER,60,20200527,170000,195.5600000,196.5400000,195.1800000,195.8500000,4182490
