<TICKER>,<PER>,<DATE>,<TIME>,<OPEN>,<HIGH>,<LOW>,<CLOSE>,<VOL>
YNDX,60,20200504,100000,2809.8000000,2817.0000000,2776.8000000,2804.2000000,100689
YNDX,60,20200504,110000,2802.2000000,2806.2000000,2785.4000000,2789.6000000,32235
YNDX,60,20200504,120000,2789.6000000,2815.6000000,2785.0000000,2809.6000000,26379
YNDX,60,20200504,130000,2809.8000000,2818.0000000,2801.0000000,2809.0000000,19130
YNDX,60,20200504,140000,2809.8000000,2813.8000000,2805.8000000,2813.0000000,9929
YNDX,60,20200504,150000,2812.2000000,2829.0000000,2809.6000000,2822.8000000,26695
YNDX,60,20200504,160000,2822.8000000,2825.2000000,2797.4000000,2808.0000000,63086
YNDX,60,20200504,170000,2808.6000000,2848.8000000,2804.8000000,2825.0000000,109152
YNDX,60,20200504,180000,2825.0000000,2833.8000000,2817.4000000,2828.8000000,26864
YNDX,60,20200505,100000,2849.8000000,2876.8000000,2849.2000000,2856.6000000,79407
YNDX,60,20200505,110000,2856.4000000,2862.8000000,2833.2000000,2837.0000000,32068
YNDX,60,20200505,120000,2837.6000000,2845.8000000,2831.0000000,2840.0000000,35934
YNDX,60,20200505,130000,2841.8000000,2843.8000000,2834.2000000,2839.2000000,14114
YNDX,60,20200505,140000,2839.0000000,2846.0000000,2837.0000000,2843.6000000,7137
YNDX,60,20200505,150000,2844.2000000,2857.6000000,2841.4000000,2852.4000000,19052
YNDX,60,20200505,160000,2853.6000000,2862.2000000,2833.4000000,2860.0000000,69646
YNDX,60,20200505,170000,2860.0000000,2868.8000000,2841.0000000,2847.6000000,64016
YNDX,60,20200505,180000,2848.4000000,2852.0000000,2837.6000000,2842.2000000,31037
YNDX,60,20200506,100000,2849.0000000,2857.8000000,2831.2000000,2831.8000000,39073
YNDX,60,20200506,110000,2832.6000000,2858.6000000,2830.2000000,2856.8000000,28402
YNDX,60,20200506,120000,2856.8000000,2864.6000000,2854.0000000,2863.8000000,25962
YNDX,60,20200506,130000,2864.6000000,2865.0000000,2858.2000000,2859.8000000,10648
YNDX,60,20200506,140000,2860.6000000,2861.4000000,2840.4000000,2843.4000000,34728
YNDX,60,20200506,150000,2843.4000000,2853.4000000,2833.2000000,2841.0000000,57720
YNDX,60,20200506,160000,2841.4000000,2883.2000000,2840.2000000,2858.6000000,102783
YNDX,60,20200506,170000,2857.0000000,2873.0000000,2838.0000000,2866.0000000,51622
YNDX,60,20200506,180000,2866.2000000,2870.4000000,2851.2000000,2864.0000000,25903
YNDX,60,20200507,100000,2869.0000000,2879.0000000,2862.4000000,2865.4000000,48060
YNDX,60,20200507,110000,2866.6000000,2875.2000000,2858.0000000,2868.0000000,30928
YNDX,60,20200507,120000,2869.6000000,2890.4000000,2868.2000000,2883.4000000,59017
YNDX,60,20200507,130000,2882.8000000,2888.0000000,2880.0000000,2884.0000000,12363
YNDX,60,20200507,140000,2883.2000000,2889.2000000,2876.2000000,2884.8000000,25755
YNDX,60,20200507,150000,2886.8000000,2892.0000000,2881.0000000,2884.0000000,16679
YNDX,60,20200507,160000,2883.0000000,2899.0000000,2877.0000000,2882.0000000,65407
YNDX,60,20200507,170000,2881.0000000,2912.4000000,2870.4000000,2912.0000000,121933
YNDX,60,20200507,180000,2912.0000000,2918.8000000,2904.2000000,2910.2000000,49908
YNDX,60,20200508,100000,2975.0000000,2985.8000000,2950.6000000,2951.0000000,122089
YNDX,60,20200508,110000,2951.0000000,2973.8000000,2950.2000000,2965.0000000,56535
YNDX,60,20200508,120000,2966.0000000,2966.0000000,2960.2000000,2963.4000000,2123
YNDX,60,20200508,130000,2962.2000000,2964.8000000,2951.0000000,2953.0000000,19354
YNDX,60,20200508,140000,2953.4000000,2956.6000000,2933.0000000,2946.0000000,42665
YNDX,60,20200508,150000,2945.0000000,2969.0000000,2940.0000000,2967.6000000,31948
YNDX,60,20200508,160000,2967.6000000,2992.0000000,2964.0000000,2983.6000000,96032
YNDX,60,20200508,170000,2983.6000000,2989.0000000,2954.6000000,2955.0000000,64828
YNDX,60,20200508,180000,2955.2000000,2977.4000000,2951.0000000,2975.2000000,35756
YNDX,60,20200512,100000,2968.0000000,2979.8000000,2960.6000000,2962.6000000,41512
YNDX,60,20200512,110000,2964.0000000,2969.2000000,2954.0000000,2961.2000000,20127
YNDX,60,20200512,120000,2960.0000000,2960.8000000,2937.0000000,2946.0000000,22729
YNDX,60,20200512,130000,2946.8000000,2964.4000000,2945.8000000,2963.6000000,9441
YNDX,60,20200512,140000,2963.2000000,2969.0000000,2953.0000000,2954.0000000,15645
YNDX,60,20200512,150000,2954.2000000,2960.0000000,2947.8000000,2955.0000000,22857
YNDX,60,20200512,160000,2955.6000000,2964.8000000,2927.0000000,2941.0000000,43304
YNDX,60,20200512,170000,2941.4000000,2964.0000000,2931.6000000,2959.6000000,54231
YNDX,60,20200512,180000,2959.6000000,2977.0000000,2956.4000000,2977.0000000,51838
YNDX,60,20200513,100000,2958.4000000,2958.4000000,2890.4000000,2913.6000000,155681
YNDX,60,20200513,110000,2913.2000000,2935.8000000,2912.0000000,2920.6000000,47989
YNDX,60,20200513,120000,2920.6000000,2934.8000000,2915.0000000,2933.0000000,20002
YNDX,60,20200513,130000,2933.0000000,2934.8000000,2925.0000000,2934.0000000,16017
YNDX,60,20200513,140000,2934.2000000,2939.2000000,2920.4000000,2936.4000000,18470
YNDX,60,20200513,150000,2937.0000000,2939.4000000,2926.4000000,2936.6000000,11856
YNDX,60,20200513,160000,2936.6000000,2949.0000000,2906.2000000,2912.0000000,90304
YNDX,60,20200513,170000,2912.0000000,2928.6000000,2901.2000000,2907.8000000,66061
YNDX,60,20200513,180000,2909.8000000,2919.0000000,2892.8000000,2893.4000000,85320
YNDX,60,20200514,100000,2875.2000000,2879.2000000,2842.2000000,2852.0000000,91173
YNDX,60,20200514,110000,2850.0000000,2870.0000000,2843.0000000,2866.0000000,27013
YNDX,60,20200514,120000,2866.0000000,2883.0000000,2863.0000000,2879.6000000,24001
YNDX,60,20200514,130000,2878.4000000,2879.8000000,2860.2000000,2865.4000000,13865
YNDX,60,20200514,140000,2866.4000000,2868.8000000,2851.6000000,2855.8000000,19823
YNDX,60,20200514,150000,2856.2000000,2860.0000000,2830.0000000,2841.4000000,69388
YNDX,60,20200514,160000,2841.4000000,2852.8000000,2796.6000000,2798.4000000,108143
YNDX,60,20200514,170000,2797.2000000,2819.6000000,2785.8000000,2813.6000000,132296
YNDX,60,20200514,180000,2813.6000000,2841.4000000,2812.0000000,2821.8000000,72113
YNDX,60,20200515,100000,2858.0000000,2890.0000000,2855.2000000,2888.0000000,107891
YNDX,60,20200515,110000,2888.0000000,2894.0000000,2872.4000000,2885.2000000,60396
YNDX,60,20200515,120000,2885.4000000,2885.4000000,2867.2000000,2871.0000000,24144
YNDX,60,20200515,130000,2871.0000000,2881.0000000,2866.6000000,2866.6000000,11464
YNDX,60,20200515,140000,2867.0000000,2868.6000000,2841.4000000,2844.2000000,38603
YNDX,60,20200515,150000,2844.0000000,2854.8000000,2826.2000000,2836.8000000,39876
YNDX,60,20200515,160000,2836.8000000,2841.2000000,2795.8000000,2835.8000000,131074
YNDX,60,20200515,170000,2835.8000000,2848.8000000,2830.0000000,2835.2000000,62043
YNDX,60,20200515,180000,2835.2000000,2843.0000000,2829.0000000,2839.6000000,42851
YNDX,60,20200518,100000,2877.0000000,2909.8000000,2870.4000000,2903.4000000,152694
YNDX,60,20200518,110000,2903.0000000,2923.0000000,2900.4000000,2923.0000000,42954
YNDX,60,20200518,120000,2923.0000000,2928.0000000,2912.8000000,2925.0000000,32389
YNDX,60,20200518,130000,2923.8000000,2929.8000000,2923.4000000,2928.0000000,22762
YNDX,60,20200518,140000,2928.0000000,2934.8000000,2925.2000000,2932.6000000,25603
YNDX,60,20200518,150000,2932.4000000,2934.8000000,2927.0000000,2929.4000000,16765
YNDX,60,20200518,160000,2929.0000000,2935.0000000,2912.2000000,2924.6000000,83070
YNDX,60,20200518,170000,2924.6000000,2934.4000000,2921.0000000,2931.2000000,44709
YNDX,60,20200518,180000,2931.2000000,2947.0000000,2929.0000000,2945.0000000,59462
YNDX,60,20200519,100000,2976.0000000,2980.0000000,2943.0000000,2950.8000000,57948
YNDX,60,20200519,110000,2951.4000000,2956.0000000,2923.6000000,2940.4000000,43257
YNDX,60,20200519,120000,2941.0000000,2948.0000000,2930.6000000,2943.8000000,22178
YNDX,60,20200519,130000,2943.0000000,2945.6000000,2940.4000000,2941.4000000,19863
YNDX,60,20200519,140000,2942.0000000,2960.0000000,2941.4000000,2949.0000000,28340
YNDX,60,20200519,150000,2949.0000000,2957.0000000,2940.4000000,2953.6000000,18933
YNDX,60,20200519,160000,2954.8000000,2960.0000000,2935.0000000,2945.6000000,48769
YNDX,60,20200519,170000,2945.0000000,2955.0000000,2938.6000000,2949.0000000,35452
YNDX,60,20200519,180000,2949.0000000,2971.4000000,2945.0000000,2970.0000000,63911
YNDX,60,20200520,100000,2955.2000000,2958.4000000,2941.0000000,2948.6000000,39433
YNDX,60,20200520,110000,2948.4000000,2995.0000000,2947.0000000,2984.2000000,111678
YNDX,60,20200520,120000,2983.6000000,2985.2000000,2972.0000000,2975.6000000,44195
YNDX,60,20200520,130000,2975.6000000,2989.0000000,2969.8000000,2986.4000000,28783
YNDX,60,20200520,140000,2986.4000000,2994.8000000,2984.4000000,2994.6000000,37572
YNDX,60,20200520,150000,2994.6000000,3000.0000000,2990.6000000,2997.6000000,41207
YNDX,60,20200520,160000,2997.8000000,2999.0000000,2961.4000000,2978.8000000,110862
YNDX,60,20200520,170000,2980.4000000,2986.0000000,2965.6000000,2970.0000000,50445
YNDX,60,20200520,180000,2968.8000000,2972.6000000,2963.0000000,2964.6000000,46864
YNDX,60,20200521,100000,2944.0000000,2960.0000000,2926.6000000,2952.6000000,89285
YNDX,60,20200521,110000,2954.0000000,2958.0000000,2931.2000000,2951.6000000,63645
YNDX,60,20200521,120000,2953.4000000,2954.0000000,2935.0000000,2939.6000000,21998
YNDX,60,20200521,130000,2938.2000000,2959.8000000,2937.2000000,2947.6000000,19535
YNDX,60,20200521,140000,2946.4000000,2958.0000000,2935.2000000,2948.4000000,22801
YNDX,60,20200521,150000,2948.4000000,2956.2000000,2946.0000000,2951.4000000,18958
YNDX,60,20200521,160000,2951.4000000,2951.4000000,2917.2000000,2926.2000000,105366
YNDX,60,20200521,170000,2926.4000000,2931.4000000,2897.4000000,2909.0000000,106870
YNDX,60,20200521,180000,2907.8000000,2912.4000000,2895.0000000,2910.8000000,55498
YNDX,60,20200522,100000,2889.8000000,2908.8000000,2880.6000000,2891.6000000,59762
YNDX,60,20200522,110000,2891.6000000,2918.8000000,2890.4000000,2917.0000000,29190
YNDX,60,20200522,120000,2917.0000000,2924.6000000,2910.0000000,2919.0000000,19711
YNDX,60,20200522,130000,2918.8000000,2923.8000000,2900.0000000,2904.6000000,15824
YNDX,60,20200522,140000,2906.0000000,2938.8000000,2906.0000000,2933.8000000,40745
YNDX,60,20200522,150000,2934.2000000,2936.8000000,2920.0000000,2929.8000000,21692
YNDX,60,20200522,160000,2931.0000000,2931.0000000,2892.0000000,2912.4000000,78336
YNDX,60,20200522,170000,2913.4000000,2913.8000000,2891.0000000,2899.6000000,39175
YNDX,60,20200522,180000,2899.6000000,2906.4000000,2896.2000000,2905.0000000,31757
YNDX,60,20200525,100000,2913.8000000,2944.2000000,2908.2000000,2930.6000000,78970
YNDX,60,20200525,110000,2930.6000000,2941.0000000,2922.0000000,2937.0000000,28615
YNDX,60,20200525,120000,2935.6000000,2955.8000000,2932.6000000,2948.8000000,32362
YNDX,60,20200525,130000,2949.4000000,2957.0000000,2943.2000000,2949.4000000,28361
YNDX,60,20200525,140000,2949.2000000,2952.0000000,2941.6000000,2948.0000000,11550
YNDX,60,20200525,150000,2949.0000000,2952.6000000,2946.2000000,2947.2000000,11598
YNDX,60,20200525,160000,2948.0000000,2950.0000000,2940.6000000,2950.0000000,24279
YNDX,60,20200525,170000,2949.6000000,2959.0000000,2947.8000000,2959.0000000,23697
YNDX,60,20200525,180000,2959.0000000,2962.0000000,2958.2000000,2960.6000000,19293
YNDX,60,20200526,100000,2968.8000000,2992.8000000,2968.8000000,2983.0000000,67325
YNDX,60,20200526,110000,2982.8000000,2984.4000000,2971.2000000,2979.4000000,30463
YNDX,60,20200526,120000,2979.4000000,2979.4000000,2962.6000000,2970.0000000,30576
YNDX,60,20200526,130000,2971.4000000,2990.0000000,2968.0000000,2972.6000000,29972
YNDX,60,20200526,140000,2974.0000000,2977.0000000,2966.8000000,2972.0000000,10408
